Date,Open,High,Low,Close,Adj Close,Volume
2006-01-03,24.750000,24.750000,24.049999,24.379999,18.893787,4270600
2006-01-04,24.620001,26.000000,24.600000,25.920000,20.087236,9920600
2006-01-05,26.000000,26.000000,25.250000,25.299999,19.606760,5150400
2006-01-06,25.719999,26.049999,25.480000,26.049999,20.187981,3425400
2006-01-09,26.110001,26.900000,26.110001,26.370001,20.435974,5990200
2006-01-10,26.450001,26.670000,26.110001,26.200001,20.304228,3015000
2006-01-11,26.350000,26.799999,26.309999,26.760000,20.738216,3465500
2006-01-12,26.950001,27.250000,26.570000,27.080000,20.986200,3749700
2006-01-13,27.080000,27.450001,26.690001,26.790001,20.761459,3251300
2006-01-17,26.950001,27.170000,26.549999,26.780001,20.753717,3303000
2006-01-18,26.400000,28.100000,26.400000,27.980000,21.683681,6491300
2006-01-19,28.000000,28.200001,27.850000,28.110001,21.784424,4319300
2006-01-20,28.200001,28.250000,27.510000,27.520000,21.327187,4154400
2006-01-23,27.770000,28.150000,27.750000,27.940001,21.652678,3196100
2006-01-24,28.250000,28.559999,28.129999,28.340000,21.962667,2652900
2006-01-25,28.450001,28.600000,27.799999,27.980000,21.683681,4756900
2006-01-26,28.200001,28.540001,28.160000,28.440001,22.040163,2777100
2006-01-27,28.500000,28.969999,28.480000,28.870001,22.373402,3436100
2006-01-30,29.150000,29.200001,28.670000,28.740000,22.272654,3959200
2006-01-31,29.799999,32.220001,29.799999,31.500000,24.411573,15751000
2006-02-01,30.610001,30.610001,29.879999,30.190001,23.396358,12582300
2006-02-02,30.270000,30.900000,30.090000,30.250000,23.442856,5965000
2006-02-03,30.350000,30.650000,30.000000,30.000000,23.249109,4718700
2006-02-06,30.299999,30.389999,29.790001,29.840000,23.125122,3661600
2006-02-07,29.799999,30.200001,29.500000,29.990000,23.241367,4235700
2006-02-08,30.200001,30.680000,29.660000,30.620001,23.729597,4801800
2006-02-09,31.250000,31.500000,30.900000,31.299999,24.256573,6155200
2006-02-10,31.500000,31.500000,30.719999,30.719999,23.807098,4258100
2006-02-13,30.879999,30.930000,30.500000,30.750000,23.830345,2715800
2006-02-14,30.750000,31.180000,30.700001,30.900000,23.946594,4214200
2006-02-15,30.889999,30.889999,30.000000,30.600000,23.791094,4400500
2006-02-16,30.670000,30.670000,30.280001,30.570000,23.767769,3618400
2006-02-17,30.570000,30.799999,30.020000,30.080000,23.386801,3381800
2006-02-21,30.299999,31.320000,30.190001,31.190001,24.249809,6584500
2006-02-22,31.290001,31.330000,31.010000,31.020000,24.117636,3853100
2006-02-23,31.100000,31.270000,30.910000,30.990000,24.094309,2788000
2006-02-24,31.000000,31.150000,30.680000,30.959999,24.070984,2813500
2006-02-27,31.280001,32.070000,31.280001,31.889999,24.794056,5248500
2006-02-28,31.900000,31.900000,31.240000,31.719999,24.661882,3817600
2006-03-01,31.719999,32.099998,31.160000,31.200001,24.257584,3444700
2006-03-02,30.799999,32.180000,30.750000,31.940001,24.832926,4048100
2006-03-03,31.950001,32.400002,31.600000,32.270000,25.089495,3306500
2006-03-06,32.340000,32.599998,31.660000,32.150002,24.996201,4003000
2006-03-07,32.090000,32.099998,31.260000,31.730000,24.669653,4111600
2006-03-08,31.700001,32.040001,31.309999,31.570000,24.545258,3620100
2006-03-09,31.570000,32.369999,31.549999,32.220001,25.050619,3057000
2006-03-10,32.200001,32.330002,31.870001,32.220001,25.050619,2272700
2006-03-13,32.250000,33.770000,32.220001,33.450001,26.006939,5564200
2006-03-14,33.549999,34.470001,33.220001,34.450001,26.784416,5264000
2006-03-15,34.500000,34.799999,33.639999,34.049999,26.473417,5863500
2006-03-16,34.200001,34.959999,34.049999,34.630001,26.924364,3954900
2006-03-17,34.900002,35.389999,34.799999,35.259998,27.414186,6035800
2006-03-20,35.400002,35.500000,34.860001,35.000000,27.212032,4358200
2006-03-21,35.200001,35.279999,34.599998,34.930000,27.157616,3538000
2006-03-22,34.830002,35.250000,34.680000,35.250000,27.406404,2682600
2006-03-23,35.250000,35.250000,34.389999,34.700001,26.978792,3622000
2006-03-24,35.000000,35.220001,34.250000,35.150002,27.328661,2792000
2006-03-27,34.900002,35.250000,34.750000,35.029999,27.235359,2091200
2006-03-28,35.180000,35.180000,34.240002,34.529999,26.846611,2763400
2006-03-29,34.700001,34.709999,33.299999,34.340000,26.698887,5819200
2006-03-30,34.380001,34.500000,33.529999,33.900002,26.356804,3619100
2006-03-31,33.799999,33.900002,32.799999,33.650002,26.162432,5115300
2006-04-03,34.750000,35.610001,34.599998,35.209999,27.375313,6674800
2006-04-04,35.400002,36.099998,35.270000,35.959999,27.958418,4903500
2006-04-05,36.160000,37.259998,36.090000,37.189999,28.914730,6703500
2006-04-06,37.330002,37.599998,36.619999,36.919998,28.704807,4485700
2006-04-07,37.150002,37.290001,36.020000,36.049999,28.028395,3271300
2006-04-10,36.520000,36.820000,36.099998,36.200001,28.145021,2668400
2006-04-11,36.450001,36.790001,36.290001,36.549999,28.417139,4225900
2006-04-12,36.930000,37.500000,36.639999,37.389999,29.070223,5964900
2006-04-13,37.490002,37.509998,36.700001,36.849998,28.650389,2681200
2006-04-17,37.200001,37.310001,36.060001,36.240002,28.176123,3303200
2006-04-18,36.619999,37.099998,36.310001,36.779999,28.595966,4803300
2006-04-19,36.880001,38.099998,36.880001,37.700001,29.311241,4782900
2006-04-20,38.029999,38.060001,36.849998,37.299999,29.000259,3633200
2006-04-21,37.680000,38.200001,37.599998,37.860001,29.435644,3738300
2006-04-24,38.240002,38.700001,38.000000,38.209999,29.707775,5208400
2006-04-25,39.009998,39.009998,36.580002,36.669998,28.510441,6901200
2006-04-26,36.750000,37.549999,36.400002,36.930000,28.712591,4275400
2006-04-27,36.939999,36.939999,36.090000,36.189999,28.137238,5067000
2006-04-28,36.299999,36.680000,36.009998,36.340000,28.253870,3647400
2006-05-01,36.849998,38.660000,36.849998,38.000000,29.544497,7864400
2006-05-02,39.240002,42.049999,38.369999,41.900002,32.576694,19305500
2006-05-03,41.900002,43.610001,40.900002,43.320000,33.680737,17327800
2006-05-04,42.299999,42.669998,39.700001,40.000000,31.099470,16233500
2006-05-05,40.770000,41.470001,40.430000,40.700001,31.643711,8365800
2006-05-08,41.119999,43.500000,41.080002,43.220001,33.602982,9787600
2006-05-09,44.000000,45.750000,43.549999,45.220001,35.157959,17050100
2006-05-10,45.950001,45.950001,44.299999,45.000000,34.986904,9386600
2006-05-11,45.500000,46.709999,44.709999,45.250000,35.181263,11806700
2006-05-12,45.500000,45.980000,43.029999,44.099998,34.287167,11889900
2006-05-15,42.599998,43.599998,41.259998,43.150002,33.548557,10682000
2006-05-16,43.029999,44.549999,42.130001,44.130001,34.310493,8710800
2006-05-17,44.029999,44.040001,42.000000,42.189999,32.876663,6668100
2006-05-18,41.500000,42.849998,39.549999,39.799999,31.014254,10548000
2006-05-19,40.000000,40.250000,38.810001,40.200001,31.325958,9608400
2006-05-22,40.200001,40.200001,38.869999,40.000000,31.170097,8557600
2006-05-23,41.000000,41.599998,39.970001,40.049999,31.209066,7221300
2006-05-24,40.139999,41.060001,40.000000,40.299999,31.403879,5857800
2006-05-25,41.000000,41.750000,40.730000,41.380001,32.245464,4951300
2006-05-26,42.000000,43.090000,41.680000,42.709999,33.281883,4647300
2006-05-30,43.099998,43.099998,40.700001,40.860001,31.840258,5204200
2006-05-31,41.500000,41.970001,41.200001,41.570000,32.393532,4982300
2006-06-01,42.220001,43.340000,41.720001,43.230000,33.687092,5221800
2006-06-02,43.700001,43.740002,41.860001,42.340000,32.993553,4216100
2006-06-05,42.299999,42.590000,41.360001,41.500000,32.338985,3580900
2006-06-06,41.750000,42.049999,40.250000,41.840000,32.603920,4466100
2006-06-07,41.840000,42.470001,41.250000,41.570000,32.393532,4550800
2006-06-08,41.450001,41.450001,38.310001,40.009998,31.177889,10966200
2006-06-09,41.200001,41.830002,40.770000,41.259998,32.151958,6594300
2006-06-12,42.000000,42.150002,40.000000,40.290001,31.396082,4852400
2006-06-13,40.000000,40.000000,37.450001,38.209999,29.775225,10616500
2006-06-14,38.720001,39.400002,38.099998,38.770000,30.211620,5297400
2006-06-15,39.000000,39.900002,38.400002,39.740002,30.967503,5506900
2006-06-16,39.799999,39.900002,38.770000,39.080002,30.453188,4381800
2006-06-19,39.099998,39.639999,37.860001,38.369999,29.899931,4212900
2006-06-20,38.450001,39.500000,38.400002,39.389999,30.694756,3614600
2006-06-21,39.099998,39.799999,38.750000,38.869999,30.289557,4277300
2006-06-22,38.779999,39.270000,38.660000,38.849998,30.273966,2921300
2006-06-23,38.500000,39.419998,38.439999,38.900002,30.312918,3005200
2006-06-26,38.900002,40.009998,38.540001,39.959999,31.138926,3851400
2006-06-27,39.900002,40.470001,39.139999,39.349998,30.663593,3182500
2006-06-28,39.540001,40.250000,38.880001,40.160000,31.294779,3157200
2006-06-29,40.500000,41.450001,39.959999,41.049999,31.988319,5777500
2006-06-30,41.549999,41.950001,41.240002,41.279999,32.167545,4180400
2006-07-03,41.700001,43.700001,41.500000,43.029999,33.531231,3282800
2006-07-05,42.000000,42.419998,41.209999,42.209999,32.892250,3777500
2006-07-06,43.000000,43.419998,42.049999,42.470001,33.094856,3242100
2006-07-07,44.500000,44.500000,42.889999,43.070000,33.562412,4287900
2006-07-10,43.750000,44.279999,42.700001,43.110001,33.593590,4266300
2006-07-11,43.259998,43.750000,42.200001,43.650002,34.014370,4022000
2006-07-12,43.840000,43.849998,42.529999,42.730000,33.297455,2380600
2006-07-13,42.730000,42.730000,41.619999,41.630001,32.440289,3098900
2006-07-14,41.630001,42.029999,40.919998,41.980000,32.713020,3012000
2006-07-17,41.770000,41.950001,40.910000,41.040001,31.980528,2449900
2006-07-18,41.230000,41.700001,40.500000,41.060001,31.996119,3199000
2006-07-19,41.430000,42.130001,41.049999,41.799999,32.572754,3474700
2006-07-20,41.849998,42.009998,40.180000,40.180000,31.310366,4010100
2006-07-21,40.270000,40.320000,39.169998,39.459999,30.749300,4342100
2006-07-24,39.470001,39.919998,39.119999,39.880001,31.076584,4783900
2006-07-25,39.970001,41.959999,39.849998,41.849998,32.611713,4110100
2006-07-26,41.810001,42.290001,41.139999,42.150002,32.845509,4088500
2006-07-27,42.509998,43.250000,42.410000,42.430000,33.063675,4982800
2006-07-28,42.500000,43.860001,42.270000,43.520000,33.913071,3939300
2006-07-31,43.709999,44.000000,43.040001,44.000000,34.287117,5044300
2006-08-01,44.500000,45.049999,43.660000,43.900002,34.209190,7799600
2006-08-02,44.000000,44.020000,42.230000,42.860001,33.398754,6468000
2006-08-03,42.270000,42.310001,41.450001,42.000000,32.728607,5142500
2006-08-04,42.650002,42.680000,40.580002,40.910000,31.879204,5431400
2006-08-07,40.040001,41.560001,39.730000,41.430000,32.284435,5501400
2006-08-08,41.599998,41.990002,41.189999,41.419998,32.276638,2678400
2006-08-09,41.669998,42.200001,41.279999,41.810001,32.580563,2756100
2006-08-10,41.610001,41.650002,40.279999,40.570000,31.614271,4240900
2006-08-11,40.619999,41.080002,40.619999,40.830002,31.816874,2588400
2006-08-14,41.000000,41.310001,39.919998,40.110001,31.255812,3516100
2006-08-15,40.700001,41.160000,40.410000,41.020000,31.964930,3377800
2006-08-16,41.000000,41.060001,40.250000,40.450001,31.597809,3534600
2006-08-17,40.410000,40.750000,39.709999,39.730000,31.035362,3490800
2006-08-18,39.740002,41.220001,39.689999,41.200001,32.183662,4600500
2006-08-21,41.200001,42.020000,41.099998,41.450001,32.378952,3241500
2006-08-22,41.669998,41.889999,41.209999,41.500000,32.418003,2239700
2006-08-23,41.369999,41.990002,41.299999,41.639999,32.527370,2012200
2006-08-24,42.000000,42.000000,41.250000,41.740002,32.605488,1564000
2006-08-25,41.730000,41.970001,41.200001,41.740002,32.605488,2798900
2006-08-28,41.520000,42.230000,41.400002,41.689999,32.566429,2513400
2006-08-29,41.700001,41.750000,40.950001,41.230000,32.207096,3337900
2006-08-30,41.480000,41.700001,41.209999,41.209999,32.191475,2017000
2006-08-31,41.200001,41.459999,40.980000,41.169998,32.160236,2656700
2006-09-01,41.419998,42.439999,41.389999,41.990002,32.800777,2722800
2006-09-05,41.869999,42.349998,41.759998,42.040001,32.839832,1918600
2006-09-06,42.130001,42.130001,40.630001,40.770000,31.847773,4238100
2006-09-07,40.770000,40.770000,39.799999,39.930000,31.191599,3783800
2006-09-08,40.139999,40.660000,39.299999,39.590000,30.925999,4351400
2006-09-11,39.000000,39.209999,38.020000,38.330002,29.941746,5745400
2006-09-12,38.110001,38.150002,36.500000,37.169998,29.035604,9371300
2006-09-13,36.500000,38.299999,36.439999,37.860001,29.574602,7751500
2006-09-14,38.250000,38.730000,37.750000,38.560001,30.121418,4970800
2006-09-15,38.619999,38.869999,38.009998,38.130001,29.785505,5499400
2006-09-18,37.750000,38.700001,37.700001,38.590000,30.144836,2753100
2006-09-19,38.439999,38.650002,38.119999,38.480000,30.058912,3214300
2006-09-20,38.500000,38.810001,38.150002,38.709999,30.238585,5605900
2006-09-21,38.900002,39.459999,38.650002,39.200001,30.621351,3517200
2006-09-22,39.169998,39.290001,38.349998,38.480000,30.058912,3613400
2006-09-25,38.389999,38.400002,36.590000,37.619999,29.387121,6093800
2006-09-26,37.450001,38.840000,37.200001,38.740002,30.262016,3509100
2006-09-27,38.639999,38.750000,37.660000,37.750000,29.488680,3913200
2006-09-28,37.549999,37.939999,37.340000,37.660000,29.418373,3627700
2006-09-29,37.860001,38.150002,37.669998,37.880001,29.590223,2648600
2006-10-02,37.880001,38.389999,37.180000,38.049999,29.723021,2744300
2006-10-03,37.820000,38.060001,36.959999,37.009998,28.910604,3969400
2006-10-04,36.750000,37.070000,35.770000,37.049999,28.941874,5515400
2006-10-05,37.209999,38.000000,37.169998,37.400002,29.215261,4360000
2006-10-06,37.250000,37.250000,36.900002,37.000000,28.902813,4759100
2006-10-09,37.090000,38.590000,37.049999,38.500000,30.074545,4211900
2006-10-10,38.369999,38.599998,37.099998,37.119999,28.996552,5132300
2006-10-11,36.910000,37.660000,36.540001,36.660000,28.637215,5187200
2006-10-12,37.009998,37.240002,36.549999,36.720001,28.684084,4331300
2006-10-13,36.919998,37.209999,36.250000,36.930000,28.848131,4768300
2006-10-16,36.770000,38.110001,36.770000,38.060001,29.730833,4145700
2006-10-17,37.810001,37.959999,37.099998,37.270000,29.113710,2749300
2006-10-18,37.619999,37.830002,37.119999,37.209999,29.066856,2542800
2006-10-19,37.040001,38.049999,37.040001,37.900002,29.605844,3961400
2006-10-20,38.099998,38.160000,37.389999,37.500000,29.293377,2311000
2006-10-23,37.490002,37.549999,37.139999,37.200001,29.059032,2209800
2006-10-24,37.250000,38.060001,37.099998,37.970001,29.660532,4886600
2006-10-25,38.099998,39.200001,37.900002,38.799999,30.308889,5510700
2006-10-26,39.110001,40.000000,38.930000,39.869999,31.144716,5527600
2006-10-27,39.799999,39.919998,39.150002,39.369999,30.754145,3256000
2006-10-30,38.950001,39.060001,38.369999,38.540001,30.105793,3139600
2006-10-31,39.250000,39.500000,37.599998,38.500000,30.074545,6280600
2006-11-01,38.369999,38.599998,36.590000,36.610001,28.598150,6083500
2006-11-02,36.500000,36.500000,35.250000,35.660000,27.856060,6991700
2006-11-03,35.580002,35.709999,34.099998,34.230000,26.739000,8833900
2006-11-06,34.230000,34.500000,33.900002,34.220001,26.731184,6662600
2006-11-07,34.259998,34.500000,33.369999,33.529999,26.192188,7393200
2006-11-08,33.860001,35.889999,33.820000,35.730000,27.910736,12442300
2006-11-09,36.250000,36.470001,35.369999,35.759998,27.934170,9332600
2006-11-10,35.619999,35.880001,35.099998,35.459999,27.699823,4103800
2006-11-13,35.250000,35.439999,34.689999,35.060001,27.387375,4134400
2006-11-14,35.099998,36.099998,35.099998,35.970001,28.098221,5035400
2006-11-15,35.840000,36.090000,35.349998,35.650002,27.925882,5301700
2006-11-16,35.900002,36.000000,35.360001,35.419998,27.745716,2874200
2006-11-17,35.080002,35.330002,34.259998,34.360001,26.915377,6975300
2006-11-20,34.220001,34.500000,33.500000,33.500000,26.241709,7852900
2006-11-21,33.720001,33.900002,33.500000,33.709999,26.406212,7897100
2006-11-22,33.840000,34.169998,33.580002,34.070000,26.688210,7431700
2006-11-24,33.950001,34.000000,33.459999,33.529999,26.265205,2951500
2006-11-27,33.500000,33.610001,32.849998,32.990002,25.842211,10463800
2006-11-28,32.820000,33.029999,32.169998,32.700001,25.615044,9043900
2006-11-29,32.919998,34.639999,32.820000,34.470001,27.001537,13430600
2006-11-30,34.650002,35.150002,34.130001,35.099998,27.495043,10030200
2006-12-01,35.230000,35.230000,34.580002,34.830002,27.283550,7797800
2006-12-04,34.680000,35.189999,34.580002,34.849998,27.299208,5818000
2006-12-05,34.849998,34.900002,34.500000,34.580002,27.087717,5638500
2006-12-06,34.680000,34.750000,34.049999,34.299999,26.868376,5842700
2006-12-07,34.480000,34.669998,33.660000,33.759998,26.445372,5583000
2006-12-08,33.590000,34.230000,33.590000,34.070000,26.688210,6006300
2006-12-11,34.189999,34.189999,33.310001,33.689999,26.390545,8138400
2006-12-12,33.529999,33.919998,33.099998,33.470001,26.218212,6882300
2006-12-13,33.299999,33.520000,32.549999,32.759998,25.662039,7859800
2006-12-14,32.389999,32.939999,32.310001,32.619999,25.552380,6368000
2006-12-15,32.880001,33.169998,32.009998,32.720001,25.630713,7637700
2006-12-18,32.730000,33.200001,31.950001,32.060001,25.113710,7930900
2006-12-19,32.000000,32.900002,31.820000,32.779999,25.677704,7057200
2006-12-20,32.740002,32.779999,31.680000,31.940001,25.019705,11190800
2006-12-21,31.650000,32.180000,31.309999,31.510000,24.682867,6636800
2006-12-22,31.340000,31.639999,31.200001,31.480000,24.659376,4348600
2006-12-26,32.099998,32.380001,31.209999,31.940001,25.019705,3788400
2006-12-27,31.940001,32.349998,31.660000,32.200001,25.223373,4414000
2006-12-28,31.920000,32.540001,31.799999,32.270000,25.278204,4423200
2006-12-29,31.860001,32.560001,31.860001,31.959999,25.035374,3752700
2007-01-03,32.279999,32.759998,31.820000,32.060001,25.113710,7380700
2007-01-04,31.500000,32.090000,31.400000,31.879999,24.972704,4406000
2007-01-05,31.530001,31.879999,31.360001,31.830000,24.933540,5798200
2007-01-08,31.820000,32.049999,31.320000,31.990000,25.058874,4883000
2007-01-09,31.940001,31.950001,31.150000,31.209999,24.447870,5119000
2007-01-10,31.469999,31.469999,30.610001,30.940001,24.236370,7781800
2007-01-11,30.200001,32.000000,30.200001,31.680000,24.816042,6887100
2007-01-12,31.680000,32.439999,30.940001,30.959999,24.252043,7697200
2007-01-16,30.959999,31.309999,30.459999,31.020000,24.299042,7004000
2007-01-17,31.080000,31.379999,30.709999,31.180000,24.424374,5488600
2007-01-18,31.340000,31.340000,30.580000,30.700001,24.048374,5666900
2007-01-19,30.850000,31.490000,30.600000,31.420000,24.612371,5275000
2007-01-22,31.760000,32.450001,31.660000,31.820000,24.925709,9023900
2007-01-23,32.180000,33.000000,32.060001,32.630001,25.560213,13591300
2007-01-24,32.750000,32.900002,31.480000,32.090000,25.137211,13008000
2007-01-25,32.250000,32.290001,31.660000,31.820000,24.925709,6829200
2007-01-26,31.820000,31.980000,31.350000,31.530001,24.698544,5211100
2007-01-29,31.540001,31.610001,31.120001,31.260000,24.487049,7091000
2007-01-30,31.400000,31.750000,31.370001,31.480000,24.659376,6332400
2007-01-31,31.500000,32.230000,31.500000,32.000000,25.066702,5255900
2007-02-01,34.310001,35.570000,34.310001,35.470001,27.784874,20659600
2007-02-02,36.009998,36.259998,34.849998,35.270000,27.628208,9487500
2007-02-05,35.349998,35.549999,34.500000,34.669998,27.158213,10507300
2007-02-06,34.790001,35.139999,34.020000,34.040001,26.664719,8582000
2007-02-07,34.299999,34.480000,34.049999,34.279999,26.852709,6926100
2007-02-08,34.650002,34.700001,33.770000,33.869999,26.531540,7184200
2007-02-09,34.000000,34.130001,32.990002,33.360001,26.132042,8465600
2007-02-12,33.500000,33.849998,33.380001,33.590000,26.312212,4698500
2007-02-13,33.900002,35.070000,33.869999,34.950001,27.377541,10758600
2007-02-14,35.290001,35.299999,34.480000,34.950001,27.467928,8731300
2007-02-15,35.150002,35.860001,35.150002,35.750000,28.096657,13210000
2007-02-16,36.299999,36.549999,35.369999,35.880001,28.198839,52414800
2007-02-20,36.000000,36.150002,35.549999,35.750000,28.096657,8906900
2007-02-21,35.509998,35.799999,35.340000,35.400002,27.821583,6726800
2007-02-22,35.570000,35.599998,35.009998,35.230000,27.687990,6709900
2007-02-23,35.369999,35.680000,35.099998,35.200001,27.664410,5022400
2007-02-26,35.209999,35.490002,34.830002,35.130001,27.609381,6774700
2007-02-27,34.230000,35.040001,33.340000,33.869999,26.619135,10288600
2007-02-28,34.029999,34.660000,33.799999,34.349998,26.996372,9101000
2007-03-01,33.730000,34.770000,33.480000,34.430000,27.059248,8840400
2007-03-02,34.180000,34.650002,33.750000,33.750000,26.524817,5160900
2007-03-05,33.150002,33.750000,32.900002,32.939999,25.888224,5513100
2007-03-06,33.380001,33.500000,32.830002,32.959999,25.903938,9091700
2007-03-07,33.150002,34.209999,33.060001,34.000000,26.721315,8060900
2007-03-08,34.200001,34.880001,34.200001,34.810001,27.357901,8120100
2007-03-09,34.900002,35.110001,33.990002,34.200001,26.878479,4994200
2007-03-12,34.200001,34.430000,34.000000,34.220001,26.894199,3405400
2007-03-13,34.049999,34.290001,33.419998,33.480000,26.312624,4882500
2007-03-14,33.310001,33.720001,33.119999,33.639999,26.438375,5099400
2007-03-15,33.500000,33.770000,33.430000,33.700001,26.485512,3889600
2007-03-16,33.680000,34.240002,33.509998,33.509998,26.336193,4547700
2007-03-19,33.750000,34.439999,33.660000,34.230000,26.902063,6314300
2007-03-20,34.180000,35.900002,34.060001,35.230000,27.687990,15876100
2007-03-21,35.349998,36.110001,35.189999,35.880001,28.198839,7800100
2007-03-22,36.000000,36.130001,35.619999,35.689999,28.049505,7871000
2007-03-23,35.689999,35.750000,35.180000,35.630001,28.002354,5916900
2007-03-26,35.709999,36.000000,35.349998,35.900002,28.214548,5560200
2007-03-27,35.950001,36.160000,35.330002,35.930000,28.238125,8077700
2007-03-28,36.180000,37.419998,36.160000,36.840000,28.953312,12433200
2007-03-29,37.349998,37.840000,36.540001,36.759998,28.890442,12265900
2007-03-30,37.549999,37.840000,36.619999,36.700001,28.843288,11040500
2007-04-02,36.669998,36.970001,36.529999,36.910000,29.008324,5733100
2007-04-03,36.939999,37.500000,36.599998,37.220001,29.251963,6840400
2007-04-04,37.200001,37.200001,36.790001,36.820000,28.937597,5538100
2007-04-05,36.820000,37.220001,36.720001,37.020000,29.094788,4746500
2007-04-09,37.009998,38.090000,37.000000,37.740002,29.660645,8217900
2007-04-10,37.770000,38.380001,37.630001,38.020000,29.880701,6965200
2007-04-11,38.380001,38.570000,37.330002,37.410000,29.401279,7426500
2007-04-12,37.230000,37.520000,37.090000,37.509998,29.479872,4629800
2007-04-13,37.619999,38.180000,37.540001,38.009998,29.872856,6374600
2007-04-16,38.349998,38.400002,37.840000,38.049999,29.904289,5060100
2007-04-17,38.060001,38.189999,37.750000,37.869999,29.762812,3862500
2007-04-18,37.599998,37.779999,37.110001,37.490002,29.464172,4493200
2007-04-19,37.400002,37.549999,37.000000,37.310001,29.322701,3369100
2007-04-20,37.750000,38.549999,36.990002,38.549999,30.297237,8484400
2007-04-23,38.669998,39.150002,38.240002,38.959999,30.619469,6983300
2007-04-24,39.160000,39.500000,38.959999,39.310001,30.894537,6647900
2007-04-25,39.549999,39.650002,39.049999,39.520000,31.059582,6566400
2007-04-26,39.279999,39.459999,38.779999,39.029999,30.674482,4199800
2007-04-27,38.900002,39.189999,38.599998,39.009998,30.658775,3789000
2007-04-30,39.000000,39.270000,38.700001,38.700001,30.415134,5793800
2007-05-01,36.980000,37.099998,35.500000,36.599998,28.764683,15953600
2007-05-02,36.490002,37.119999,36.410000,36.619999,28.780401,6417200
2007-05-03,36.919998,37.250000,35.980000,36.139999,28.403168,6100100
2007-05-04,36.599998,36.619999,36.040001,36.060001,28.340286,6651200
2007-05-07,36.270000,36.610001,36.139999,36.209999,28.458191,3547600
2007-05-08,36.200001,36.299999,35.330002,35.369999,27.798008,6983600
2007-05-09,35.380001,35.759998,34.939999,35.740002,28.088795,5747000
2007-05-10,35.709999,36.560001,35.330002,35.500000,27.900183,11423400
2007-05-11,35.790001,36.220001,35.660000,35.869999,28.190979,4365400
2007-05-14,35.939999,36.950001,35.639999,35.740002,28.088795,8753200
2007-05-15,35.889999,36.410000,35.750000,36.099998,28.463312,5981100
2007-05-16,36.360001,36.740002,36.250000,36.689999,28.928497,6047400
2007-05-17,36.560001,36.950001,36.419998,36.639999,28.889084,3850700
2007-05-18,36.790001,36.950001,36.599998,36.900002,29.094090,3639000
2007-05-21,37.110001,37.360001,36.730000,36.799999,29.015232,6072500
2007-05-22,36.900002,37.169998,36.279999,36.480000,28.762943,8427400
2007-05-23,36.730000,36.779999,35.919998,35.939999,28.337164,8954100
2007-05-24,35.939999,36.130001,34.930000,35.070000,27.651213,17545500
2007-05-25,35.160000,35.599998,35.080002,35.320000,27.848328,7156500
2007-05-29,35.419998,35.680000,34.950001,35.209999,27.761589,4688000
2007-05-30,34.889999,35.720001,34.860001,35.610001,28.076977,5737700
2007-05-31,36.000000,36.029999,35.029999,35.040001,27.627552,7767300
2007-06-01,35.049999,35.189999,34.389999,34.590000,27.272755,8265500
2007-06-04,34.369999,34.509998,33.900002,34.470001,27.178139,7804100
2007-06-05,34.220001,34.650002,34.110001,34.490002,27.193903,6310100
2007-06-06,34.490002,34.490002,34.020000,34.099998,26.886406,5643700
2007-06-07,33.759998,34.040001,33.459999,33.700001,26.571026,9297000
2007-06-08,33.009998,34.590000,33.009998,34.540001,27.233322,6786300
2007-06-11,34.509998,34.630001,34.209999,34.380001,27.107170,4877900
2007-06-12,34.799999,34.930000,34.160000,34.279999,27.028332,4372600
2007-06-13,34.290001,34.599998,34.209999,34.549999,27.241209,4248200
2007-06-14,34.570000,34.910000,34.380001,34.470001,27.178139,5207400
2007-06-15,34.759998,34.830002,34.419998,34.570000,27.256979,5528800
2007-06-18,34.799999,34.900002,34.630001,34.750000,27.398903,6255100
2007-06-19,34.869999,34.919998,34.080002,34.130001,26.910063,6314300
2007-06-20,34.310001,34.549999,33.439999,33.480000,26.397564,6937400
2007-06-21,33.580002,33.830002,33.389999,33.830002,26.673527,7284400
2007-06-22,34.169998,34.630001,33.470001,33.480000,26.397564,11066300
2007-06-25,33.529999,33.919998,32.919998,33.040001,26.050638,8793300
2007-06-26,33.049999,33.400002,32.750000,32.759998,25.829870,5987200
2007-06-27,32.759998,32.759998,32.049999,32.270000,25.443531,11614400
2007-06-28,32.430000,32.500000,32.169998,32.349998,25.506605,8940200
2007-06-29,32.540001,33.430000,32.540001,33.090000,26.090059,7913000
2007-07-02,33.840000,34.500000,33.820000,34.209999,26.973137,8175500
2007-07-03,34.560001,34.570000,33.889999,34.259998,27.012566,3305000
2007-07-05,34.349998,34.720001,33.919998,34.220001,26.981024,7725000
2007-07-06,34.169998,35.230000,34.049999,35.139999,27.706400,8691100
2007-07-09,35.410000,36.470001,35.400002,36.150002,28.502739,12695200
2007-07-10,36.250000,36.330002,35.790001,35.790001,28.218895,7609300
2007-07-11,35.680000,36.389999,35.520000,35.930000,28.329281,5449100
2007-07-12,35.910000,36.400002,35.639999,36.349998,28.660435,5825200
2007-07-13,36.200001,36.700001,35.930000,36.599998,28.857553,4114900
2007-07-16,36.650002,36.790001,36.310001,36.480000,28.762943,3977500
2007-07-17,36.660000,36.689999,35.950001,36.060001,28.431787,5831600
2007-07-18,35.779999,36.250000,35.750000,36.009998,28.392359,3846900
2007-07-19,36.200001,36.500000,36.040001,36.419998,28.715624,3428300
2007-07-20,36.299999,36.380001,35.689999,36.060001,28.431787,4056600
2007-07-23,36.400002,37.020000,36.150002,36.730000,28.960051,5470700
2007-07-24,36.500000,36.900002,35.930000,36.139999,28.494856,6440200
2007-07-25,36.119999,36.419998,35.259998,35.990002,28.376583,5454700
2007-07-26,35.669998,35.880001,34.060001,34.700001,27.359476,9911900
2007-07-27,34.500000,34.950001,34.049999,34.049999,26.846987,5693800
2007-07-30,35.389999,35.500000,33.660000,34.169998,26.941601,8659900
2007-07-31,34.180000,34.500000,33.580002,33.599998,26.492178,5359900
2007-08-01,33.939999,34.290001,33.270000,34.020000,26.823332,6039100
2007-08-02,34.000000,34.560001,33.820000,34.369999,27.099289,5255400
2007-08-03,34.060001,34.560001,33.400002,33.459999,26.381796,4497300
2007-08-06,33.560001,34.520000,33.560001,34.520000,27.217558,6558900
2007-08-07,34.360001,34.849998,34.139999,34.669998,27.335831,5321700
2007-08-08,34.750000,35.250000,34.660000,35.189999,27.745811,6050500
2007-08-09,34.840000,35.689999,34.520000,35.180000,27.737942,7068700
2007-08-10,35.000000,35.939999,33.650002,34.430000,27.146595,7783100
2007-08-13,34.500000,34.610001,33.750000,33.880001,26.802471,5291100
2007-08-14,33.900002,33.990002,32.910000,33.150002,26.224968,5360800
2007-08-15,32.959999,33.790001,32.840000,32.919998,26.043009,5992900
2007-08-16,32.619999,32.709999,31.280001,32.250000,25.512972,9453300
2007-08-17,32.849998,33.000000,32.040001,32.650002,25.829418,5539100
2007-08-20,32.590000,32.950001,32.160000,32.450001,25.671192,3997400
2007-08-21,32.169998,32.889999,32.060001,32.349998,25.592083,4770600
2007-08-22,32.480000,32.709999,32.009998,32.470001,25.687017,5902900
2007-08-23,32.700001,33.090000,32.330002,32.860001,25.995543,5194300
2007-08-24,32.669998,33.209999,32.590000,33.080002,26.169592,3563000
2007-08-27,32.830002,33.130001,32.639999,32.730000,25.892700,3884200
2007-08-28,32.480000,32.770000,32.060001,32.090000,25.386400,4390600
2007-08-29,32.250000,32.919998,32.209999,32.910000,26.035105,4023000
2007-08-30,32.630001,33.700001,32.549999,33.590000,26.573050,5657400
2007-08-31,33.799999,34.000000,33.400002,33.700001,26.660067,3931400
2007-09-04,33.869999,33.950001,33.619999,33.799999,26.739180,4149600
2007-09-05,33.990002,33.990002,32.840000,33.040001,26.137939,6294300
2007-09-06,33.000000,33.450001,32.799999,33.150002,26.224968,3807400
2007-09-07,33.000000,33.000000,32.340000,32.709999,25.876881,5190000
2007-09-10,32.799999,33.000000,32.349998,32.540001,25.742393,4592200
2007-09-11,32.549999,32.779999,32.150002,32.700001,25.868973,7406000
2007-09-12,32.509998,32.869999,32.389999,32.630001,25.813599,5819700
2007-09-13,32.689999,33.180000,32.500000,32.830002,25.971811,7523000
2007-09-14,32.580002,32.709999,32.090000,32.360001,25.599991,5835700
2007-09-17,32.299999,32.500000,32.049999,32.230000,25.497150,3871700
2007-09-18,32.259998,32.490002,32.049999,32.450001,25.671192,6632000
2007-09-19,32.599998,33.430000,32.599998,33.049999,26.145857,6558200
2007-09-20,33.060001,33.099998,32.419998,32.669998,25.845234,4764600
2007-09-21,32.950001,33.189999,32.669998,33.119999,26.201225,5651500
2007-09-24,33.119999,33.150002,32.590000,32.700001,25.868973,5162400
2007-09-25,32.439999,32.970001,32.240002,32.799999,25.948078,4455700
2007-09-26,32.990002,33.459999,32.810001,33.360001,26.391098,5012200
2007-09-27,33.500000,33.860001,33.200001,33.650002,26.620514,4627300
2007-09-28,33.650002,33.700001,32.900002,33.080002,26.169592,7293600
2007-10-01,33.080002,33.549999,32.770000,33.169998,26.240788,6006800
2007-10-02,33.259998,33.619999,32.860001,33.240002,26.296164,5233500
2007-10-03,33.049999,33.150002,32.500000,32.700001,25.868973,6003000
2007-10-04,32.610001,33.060001,32.430000,32.830002,25.971811,4673200
2007-10-05,33.150002,33.340000,32.549999,33.110001,26.193323,4975000
2007-10-08,33.270000,33.310001,32.630001,32.869999,26.003452,2633100
2007-10-09,33.000000,33.599998,32.910000,33.529999,26.525581,4447800
2007-10-10,33.540001,34.000000,33.439999,33.930000,26.842024,5794900
2007-10-11,34.250000,35.509998,34.009998,34.900002,27.609381,10789900
2007-10-12,35.270000,35.590000,34.910000,35.480000,28.068226,6974500
2007-10-15,35.430000,35.470001,34.459999,34.910000,27.617304,5164800
2007-10-16,34.910000,35.090000,34.689999,34.849998,27.569838,4605500
2007-10-17,35.090000,35.419998,34.840000,35.349998,27.965380,5466900
2007-10-18,35.439999,35.770000,35.299999,35.500000,28.084057,3658100
2007-10-19,35.349998,35.700001,34.740002,34.900002,27.609381,11402500
2007-10-22,34.540001,35.000000,34.480000,34.959999,27.656853,3628000
2007-10-23,34.959999,35.090000,34.650002,35.009998,27.696409,3449100
2007-10-24,34.779999,35.130001,33.689999,34.320000,27.150553,7343500
2007-10-25,34.509998,34.830002,34.310001,34.709999,27.459076,7526400
2007-10-26,35.119999,35.250000,34.639999,35.060001,27.735964,3718200
2007-10-29,35.099998,35.889999,35.090000,35.660000,28.210625,5027600
2007-10-30,35.700001,35.750000,35.290001,35.380001,27.989111,5551900
2007-10-31,35.410000,35.889999,35.380001,35.779999,28.305563,5156800
2007-11-01,35.500000,35.799999,34.910000,35.000000,27.688503,7846000
2007-11-02,35.000000,35.139999,34.200001,34.840000,27.561922,6337700
2007-11-05,34.849998,34.930000,34.209999,34.520000,27.308769,6028700
2007-11-06,36.509998,37.669998,36.349998,36.889999,29.183683,15780200
2007-11-07,36.500000,37.000000,36.270000,36.470001,28.851418,8449000
2007-11-08,36.520000,38.090000,36.520000,37.259998,29.476395,10922700
2007-11-09,36.900002,37.400002,36.770000,36.930000,29.215326,6603200
2007-11-12,36.790001,37.340000,36.000000,36.099998,28.558712,4885400
2007-11-13,36.480000,37.439999,36.009998,37.369999,29.563406,6089200
2007-11-14,37.599998,38.540001,37.470001,37.750000,29.864027,7286800
2007-11-15,37.599998,37.610001,36.830002,37.029999,29.294424,4646900
2007-11-16,37.270000,38.000000,37.160000,37.889999,29.974785,7132600
2007-11-19,36.500000,37.459999,36.240002,36.389999,28.788126,8924600
2007-11-20,36.380001,36.790001,35.279999,36.410000,28.895269,7438900
2007-11-21,36.040001,36.389999,35.060001,35.130001,27.879450,5732800
2007-11-23,35.290001,35.590000,34.759998,35.590000,28.244509,2336400
2007-11-26,35.660000,36.500000,35.400002,35.430000,28.117529,3818500
2007-11-27,35.540001,36.939999,35.330002,35.700001,28.331802,4245600
2007-11-28,35.900002,36.230000,35.380001,35.970001,28.546072,4564300
2007-11-29,35.930000,36.680000,35.799999,36.160000,28.696867,3578900
2007-11-30,36.520000,36.970001,36.049999,36.349998,28.847649,4867400
2007-12-03,36.599998,36.700001,35.919998,36.099998,28.649258,3446800
2007-12-04,35.900002,37.290001,35.799999,37.029999,29.387312,5239600
2007-12-05,37.230000,37.230000,36.349998,36.830002,29.228577,4613000
2007-12-06,36.820000,38.119999,36.759998,37.880001,30.061871,6206900
2007-12-07,37.869999,39.000000,37.700001,38.549999,30.593588,5380900
2007-12-10,38.700001,39.000000,38.340000,38.610001,30.641205,3513300
2007-12-11,38.590000,38.930000,37.110001,37.270000,29.577780,4976500
2007-12-12,38.029999,38.980000,38.029999,38.730000,30.736444,5673300
2007-12-13,38.549999,39.070000,37.820000,38.290001,30.387249,3827900
2007-12-14,38.230000,40.160000,37.959999,39.070000,31.006258,7725500
2007-12-17,38.980000,40.599998,38.880001,39.750000,31.545916,7649600
2007-12-18,39.959999,40.740002,39.279999,40.180000,31.887173,6600600
2007-12-19,40.200001,41.700001,39.900002,41.380001,32.839500,8463600
2007-12-20,41.599998,43.369999,41.509998,43.290001,34.355282,12584100
2007-12-21,43.599998,44.349998,42.889999,44.270000,35.133038,11239800
2007-12-24,44.279999,45.299999,43.910000,44.990002,35.704426,3318100
2007-12-26,44.990002,45.990002,44.950001,45.750000,36.307571,5672000
2007-12-27,45.040001,46.299999,45.020000,46.040001,36.537720,6754700
2007-12-28,45.939999,47.290001,45.939999,47.090000,37.371006,6018400
2007-12-31,47.029999,47.330002,45.720001,46.430000,36.847218,6340400
2008-01-02,46.380001,46.500000,44.889999,45.259998,35.918697,11937000
2008-01-03,45.419998,46.299999,45.099998,45.730000,36.291687,5944300
2008-01-04,45.299999,46.790001,45.150002,45.849998,36.386925,6932200
2008-01-07,46.040001,46.169998,45.200001,45.860001,36.394871,8137100
2008-01-08,46.150002,46.250000,44.900002,45.020000,35.728241,8629400
2008-01-09,44.740002,45.259998,43.720001,45.189999,35.863144,10227600
2008-01-10,44.939999,45.049999,44.310001,44.580002,35.379036,9440700
2008-01-11,44.259998,44.910000,43.439999,43.639999,34.633045,8905100
2008-01-14,44.009998,45.970001,43.650002,45.139999,35.823479,7839200
2008-01-15,44.549999,45.189999,44.540001,45.000000,35.712360,10240800
2008-01-16,44.500000,44.950001,42.189999,42.369999,33.625156,11197100
2008-01-17,41.970001,42.349998,41.029999,41.160000,32.664902,12541700
2008-01-18,41.360001,42.000000,39.709999,40.900002,32.458561,9179900
2008-01-22,38.110001,40.599998,38.110001,40.189999,31.895107,8746400
2008-01-23,38.509998,40.990002,38.500000,40.849998,32.418888,8017700
2008-01-24,41.029999,42.509998,40.849998,42.270000,33.545822,6749900
2008-01-25,42.689999,43.270000,42.040001,42.110001,33.418835,7167700
2008-01-28,42.080002,43.490002,41.590000,43.299999,34.363220,6740800
2008-01-29,43.650002,43.650002,42.759998,42.939999,34.077530,5690000
2008-01-30,42.680000,43.849998,42.509998,42.990002,34.117207,4862200
2008-01-31,42.810001,44.480000,42.810001,43.980000,34.902870,8157000
2008-02-01,44.240002,45.590000,43.619999,45.500000,36.109165,6847000
2008-02-04,46.000000,46.000000,43.450001,44.200001,35.077477,7867500
2008-02-05,43.509998,44.869999,41.970001,42.029999,33.355350,6828800
2008-02-06,42.180000,42.480000,41.099998,41.259998,32.744263,4932500
2008-02-07,40.950001,41.779999,40.200001,41.310001,32.783943,5181500
2008-02-08,41.169998,42.279999,41.169998,41.410000,32.863304,5962400
2008-02-11,41.480000,43.029999,41.480000,42.950001,34.085468,6333200
2008-02-12,43.290001,44.560001,43.250000,43.580002,34.585442,6105800
2008-02-13,43.990002,44.580002,43.360001,43.959999,34.887001,5215700
2008-02-14,44.060001,44.570000,43.160000,43.529999,34.648212,4750800
2008-02-15,43.380001,44.150002,42.779999,44.130001,35.125797,3524200
2008-02-19,44.540001,45.770000,44.540001,45.360001,36.104832,5906300
2008-02-20,45.009998,45.480000,44.250000,45.340000,36.088905,4350100
2008-02-21,45.590000,46.869999,45.270000,45.419998,36.152592,8828300
2008-02-22,45.689999,45.689999,44.020000,44.580002,35.483978,6132600
2008-02-25,44.520000,45.080002,44.200001,44.830002,35.682972,5203700
2008-02-26,44.700001,46.150002,44.599998,45.919998,36.550564,5102700
2008-02-27,45.730000,45.880001,45.119999,45.230000,36.001358,4483100
2008-02-28,44.990002,46.950001,44.990002,46.470001,36.988342,6494800
2008-02-29,46.299999,46.419998,44.750000,45.099998,35.897873,3945200
2008-03-03,45.000000,46.070000,44.750000,45.740002,36.407299,4205000
2008-03-04,45.410000,46.220001,45.139999,46.000000,36.614243,5800700
2008-03-05,45.750000,47.180000,45.750000,46.580002,37.075901,7164400
2008-03-06,46.450001,46.880001,46.080002,46.270000,36.829155,5952400
2008-03-07,45.389999,45.869999,44.750000,45.009998,35.826237,4250800
2008-03-10,44.959999,45.169998,42.709999,42.889999,34.138809,7357900
2008-03-11,43.270000,44.560001,42.560001,44.520000,35.436211,6665000
2008-03-12,44.700001,45.299999,43.970001,44.130001,35.125797,4219600
2008-03-13,43.549999,44.529999,42.990002,44.279999,35.245190,4163200
2008-03-14,44.669998,45.509998,43.389999,43.849998,34.902916,5411100
2008-03-17,42.730000,43.450001,41.790001,42.070000,33.486111,7287900
2008-03-18,42.770000,43.540001,42.459999,43.520000,34.640263,5463500
2008-03-19,44.020000,44.020000,42.049999,42.189999,33.581627,5650800
2008-03-20,42.189999,42.200001,39.990002,40.180000,31.981754,12480600
2008-03-24,40.299999,41.950001,40.299999,41.790001,33.263245,5741900
2008-03-25,42.310001,43.000000,42.070000,42.700001,33.987576,5292400
2008-03-26,42.560001,42.759998,42.040001,42.380001,33.732872,2593300
2008-03-27,41.380001,42.549999,41.299999,41.939999,33.382637,4505400
2008-03-28,42.060001,43.000000,41.860001,42.279999,33.653259,3675000
2008-03-31,42.180000,42.270000,40.270000,41.160000,32.761784,7689100
2008-04-01,41.060001,42.000000,40.680000,41.919998,33.366726,4875800
2008-04-02,41.910000,42.299999,41.430000,41.770000,33.247330,3645100
2008-04-03,41.500000,41.970001,41.009998,41.240002,32.825459,6110300
2008-04-04,41.500000,42.820000,41.410000,42.529999,33.852249,4425600
2008-04-07,42.770000,43.529999,42.560001,43.150002,34.345749,4392500
2008-04-08,42.930000,43.540001,42.639999,43.230000,34.409424,2941100
2008-04-09,43.169998,44.610001,43.169998,43.619999,34.719849,4604100
2008-04-10,43.619999,43.720001,42.810001,42.959999,34.194504,4243600
2008-04-11,42.959999,43.500000,42.720001,43.029999,34.250237,2762200
2008-04-14,42.930000,43.169998,42.410000,42.950001,34.186569,2027400
2008-04-15,43.139999,44.389999,43.090000,44.160000,35.149666,3470500
2008-04-16,44.580002,45.549999,44.570000,45.200001,35.977474,4306500
2008-04-17,45.439999,45.919998,44.750000,45.540001,36.248104,3558200
2008-04-18,45.919998,46.889999,45.369999,46.470001,36.988342,6012400
2008-04-21,46.189999,48.349998,46.020000,48.180000,38.349445,6738500
2008-04-22,47.930000,48.950001,46.840000,47.279999,37.633068,5781800
2008-04-23,47.369999,48.330002,46.889999,47.330002,37.672871,4000300
2008-04-24,47.490002,47.490002,45.590000,46.130001,36.717712,6720000
2008-04-25,46.310001,47.439999,45.980000,47.310001,37.656960,3295900
2008-04-28,47.299999,47.470001,46.540001,47.419998,37.744507,3927300
2008-04-29,47.439999,47.439999,44.810001,45.580002,36.279945,8693100
2008-04-30,44.860001,45.580002,43.619999,44.060001,35.070080,9752800
2008-05-01,44.080002,44.080002,42.700001,43.189999,34.377594,6344400
2008-05-02,43.139999,44.400002,43.139999,43.939999,34.974567,3824900
2008-05-05,44.200001,44.750000,43.820000,44.090000,35.093956,3875000
2008-05-06,44.080002,44.820000,44.009998,44.720001,35.595409,4138800
2008-05-07,44.990002,45.000000,43.590000,43.730000,34.807407,4276800
2008-05-08,43.980000,44.599998,43.730000,44.560001,35.468056,3926700
2008-05-09,44.020000,44.130001,42.169998,42.680000,33.971657,6327000
2008-05-12,42.880001,43.480000,42.680000,43.279999,34.449230,2875200
2008-05-13,43.310001,43.500000,42.910000,43.189999,34.481163,3789500
2008-05-14,43.259998,43.639999,42.930000,43.070000,34.385357,3583600
2008-05-15,43.209999,43.840000,43.200001,43.380001,34.632854,4668800
2008-05-16,43.380001,43.740002,43.060001,43.349998,34.608898,4867600
2008-05-19,43.450001,44.500000,43.450001,43.910000,35.055973,6201800
2008-05-20,43.900002,44.400002,43.630001,43.959999,35.095898,3335500
2008-05-21,44.119999,44.840000,43.470001,43.700001,34.888336,4721800
2008-05-22,43.700001,44.020000,43.080002,43.279999,34.553013,5496700
2008-05-23,43.060001,43.680000,43.020000,43.169998,34.465191,6238000
2008-05-27,43.110001,43.299999,41.580002,41.950001,33.491196,7490200
2008-05-28,40.830002,40.910000,39.860001,39.860001,31.822624,24683900
2008-05-29,39.299999,39.849998,39.070000,39.500000,31.535210,29156600
2008-05-30,39.810001,39.959999,39.310001,39.700001,31.694881,12478600
2008-06-02,39.720001,40.279999,39.220001,39.500000,31.535210,10080100
2008-06-03,39.720001,39.790001,38.060001,38.419998,30.672983,12615000
2008-06-04,38.389999,38.689999,38.009998,38.110001,30.425505,9676100
2008-06-05,38.169998,38.540001,37.490002,38.459999,30.704924,13930500
2008-06-06,38.250000,38.380001,37.150002,37.200001,29.698992,9132600
2008-06-09,37.369999,37.700001,36.750000,37.549999,29.978415,6780500
2008-06-10,37.290001,37.400002,36.580002,37.119999,29.635115,8030300
2008-06-11,37.320000,37.939999,36.869999,37.279999,29.762852,11273100
2008-06-12,36.330002,36.599998,33.340000,33.520000,26.761021,25576900
2008-06-13,33.000000,33.500000,31.650000,32.610001,26.034512,21644800
2008-06-16,32.430000,33.150002,32.160000,32.610001,26.034512,10522700
2008-06-17,32.709999,33.419998,32.669998,33.119999,26.441677,10260700
2008-06-18,32.980000,33.630001,32.790001,32.820000,26.202175,10942800
2008-06-19,32.779999,33.349998,32.779999,33.119999,26.441677,6598400
2008-06-20,32.810001,33.220001,32.310001,32.669998,26.082418,7801700
2008-06-23,33.400002,34.099998,33.110001,33.500000,26.745058,8107200
2008-06-24,33.779999,33.779999,33.049999,33.160000,26.473614,7114700
2008-06-25,33.029999,33.869999,32.709999,33.330002,26.609335,9474300
2008-06-26,33.139999,33.369999,32.400002,32.509998,25.954681,7687100
2008-06-27,32.720001,33.250000,32.250000,32.919998,26.282013,6704300
2008-06-30,33.340000,34.139999,32.919998,33.750000,26.944643,8317000
2008-07-01,33.299999,33.490002,32.700001,33.299999,26.585384,7094300
2008-07-02,33.480000,33.910000,32.160000,32.160000,25.675255,6972100
2008-07-03,32.360001,32.590000,31.010000,31.170000,24.884876,6425400
2008-07-07,31.280001,32.310001,31.209999,31.910000,25.475666,7894200
2008-07-08,31.889999,32.150002,31.290001,32.029999,25.571463,5046200
2008-07-09,32.130001,32.279999,31.360001,31.500000,25.148342,6182200
2008-07-10,31.530001,31.750000,30.799999,31.250000,24.948750,6604500
2008-07-11,30.879999,31.200001,30.139999,30.290001,24.182322,9038900
2008-07-14,30.620001,30.719999,29.700001,29.799999,23.791122,7965800
2008-07-15,29.620001,29.620001,27.139999,28.370001,22.649475,14442000
2008-07-16,27.900000,28.930000,27.520000,28.850000,23.032690,8024900
2008-07-17,29.000000,29.100000,28.330000,28.639999,22.865025,7344900
2008-07-18,28.719999,30.059999,28.719999,29.920000,23.886929,8803900
2008-07-21,30.100000,30.200001,29.190001,29.530001,23.575569,5075900
2008-07-22,29.299999,30.000000,29.100000,29.969999,23.926849,6016400
2008-07-23,29.950001,30.320000,29.709999,30.080000,24.014666,6295300
2008-07-24,30.370001,31.030001,29.780001,29.889999,23.862978,7084300
2008-07-25,29.719999,30.100000,29.559999,29.660000,23.679354,4130300
2008-07-28,29.559999,29.780001,28.680000,28.770000,22.968815,7481500
2008-07-29,28.830000,28.950001,28.250000,28.879999,23.056627,7107300
2008-07-30,28.950001,29.170000,28.639999,28.980000,23.136465,8662200
2008-07-31,28.860001,29.389999,28.290001,28.629999,22.857040,8148400
2008-08-01,28.799999,28.830000,28.160000,28.160000,22.481819,3594300
2008-08-04,28.270000,28.360001,27.320000,27.400000,21.875061,7290700
2008-08-05,27.940001,27.940001,25.400000,25.870001,20.653572,18434400
2008-08-06,25.910000,27.540001,25.500000,27.360001,21.843130,13743600
2008-08-07,27.240000,27.299999,25.959999,26.030001,20.781309,6951300
2008-08-08,26.219999,26.559999,25.520000,26.490000,21.148552,7822700
2008-08-11,26.500000,26.500000,26.170000,26.340000,21.028797,6828000
2008-08-12,26.340000,27.250000,26.040001,26.910000,21.483868,9402800
2008-08-13,26.900000,27.410000,26.680000,26.879999,21.459911,6906900
2008-08-14,26.820000,27.160000,26.459999,26.620001,21.252337,4592000
2008-08-15,26.540001,26.760000,26.080000,26.200001,20.917030,3840800
2008-08-18,26.209999,26.719999,25.430000,25.469999,20.334225,6838900
2008-08-19,25.320000,25.440001,24.400000,25.340000,20.334225,8431900
2008-08-20,25.350000,26.059999,25.049999,26.059999,20.911993,6741900
2008-08-21,26.139999,26.600000,25.750000,26.549999,21.305201,8017000
2008-08-22,26.610001,26.719999,26.020000,26.209999,21.032364,4057100
2008-08-25,26.129999,26.360001,25.299999,25.410000,20.390402,4442800
2008-08-26,25.350000,25.750000,25.090000,25.240000,20.253977,6066600
2008-08-27,25.270000,25.750000,25.219999,25.700001,20.623112,3919100
2008-08-28,25.799999,25.950001,25.410000,25.930000,20.807680,3935900
2008-08-29,25.910000,26.360001,25.410000,25.459999,20.430525,6119100
2008-09-02,25.520000,25.540001,24.860001,24.910000,19.989170,7128700
2008-09-03,24.889999,25.120001,24.430000,24.540001,19.692261,6023700
2008-09-04,24.490000,24.840000,22.879999,22.969999,18.432405,12985200
2008-09-05,22.959999,23.500000,22.139999,23.410000,18.785484,12708700
2008-09-08,23.889999,23.980000,22.990000,23.420000,18.793512,8477200
2008-09-09,23.350000,23.620001,22.080000,22.129999,17.758345,8109900
2008-09-10,22.209999,22.360001,21.510000,22.100000,17.734270,9827400
2008-09-11,21.980000,22.680000,21.600000,22.610001,18.143520,7338600
2008-09-12,22.450001,24.049999,22.150000,23.980000,19.242887,8584900
2008-09-15,23.280001,23.760000,22.570000,22.760000,18.263891,5737000
2008-09-16,22.400000,23.150000,21.559999,23.000000,18.456482,9679000
2008-09-17,22.400000,22.719999,21.309999,21.309999,17.100330,8285300
2008-09-18,21.370001,21.980000,19.700001,21.540001,17.284893,13542600
2008-09-19,22.650000,23.959999,19.910000,23.680000,19.002151,16737000
2008-09-22,23.020000,24.000000,23.020000,23.290001,18.689192,8812500
2008-09-23,23.299999,24.639999,23.160000,23.900000,19.178692,10836800
2008-09-24,24.090000,24.219999,23.450001,23.660000,18.986095,10928800
2008-09-25,23.799999,23.950001,23.100000,23.610001,18.945982,9447300
2008-09-26,23.290001,23.290001,22.660000,22.879999,18.360184,6448900
2008-09-29,22.610001,22.870001,20.340000,20.490000,16.442318,8633400
2008-09-30,21.180000,22.049999,20.370001,21.910000,17.581799,8015900
2008-10-01,21.750000,22.870001,21.209999,21.410000,17.180573,7255400
2008-10-02,21.010000,21.260000,18.110001,18.719999,15.021974,15914400
2008-10-03,19.000000,20.200001,18.469999,18.520000,14.861481,9613500
2008-10-06,18.020000,18.370001,16.549999,18.370001,14.741110,16430000
2008-10-07,18.850000,18.850000,16.940001,17.040001,13.673845,10141700
2008-10-08,16.480000,17.740000,15.210000,17.030001,13.665817,11956700
2008-10-09,17.330000,17.680000,15.290000,15.290000,12.269547,10565200
2008-10-10,14.640000,16.690001,13.530000,15.450000,12.397938,18586400
2008-10-13,16.350000,18.240000,15.750000,18.100000,14.524448,10138100
2008-10-14,19.360001,19.740000,17.750000,18.100000,14.524448,7826000
2008-10-15,17.879999,17.879999,15.880000,16.090000,12.911510,8672200
2008-10-16,17.150000,17.889999,16.309999,17.840000,14.315808,13513000
2008-10-17,18.129999,19.230000,16.799999,18.320000,14.700987,14198200
2008-10-20,18.799999,19.980000,18.650000,19.879999,15.952819,10116000
2008-10-21,19.350000,20.129999,19.049999,19.469999,15.623811,6583300
2008-10-22,19.150000,19.150000,17.389999,17.920000,14.380009,8779100
2008-10-23,18.240000,19.219999,17.110001,18.139999,14.556547,10163200
2008-10-24,16.850000,18.000000,16.000000,17.530001,14.067048,9059500
2008-10-27,17.120001,19.570000,16.910000,17.879999,14.347906,8959300
2008-10-28,19.000000,21.000000,18.459999,20.980000,16.835514,9447000
2008-10-29,20.700001,22.820000,20.209999,21.420000,17.188602,10335000
2008-10-30,22.190001,22.790001,21.540001,22.540001,18.087353,8010000
2008-10-31,22.370001,22.850000,20.629999,20.730000,16.634905,12480300
2008-11-03,21.000000,21.950001,20.730000,21.110001,16.939842,6142100
2008-11-04,23.950001,25.780001,23.650000,24.330000,19.523752,19181800
2008-11-05,24.180000,25.830000,23.549999,23.709999,19.026230,10525500
2008-11-06,23.420000,23.969999,20.000000,20.290001,16.281828,14594600
2008-11-07,20.990000,22.900000,20.889999,22.580000,18.119450,8435200
2008-11-10,23.600000,24.620001,23.139999,23.570000,18.913879,8072200
2008-11-11,23.299999,24.820000,22.270000,24.160000,19.387333,9528600
2008-11-12,23.610001,25.000000,23.500000,24.559999,19.708311,9864600
2008-11-13,25.049999,25.549999,23.500000,25.270000,20.278057,13686300
2008-11-14,25.059999,27.240000,24.690001,25.920000,20.799648,11872800
2008-11-17,25.559999,26.480000,24.590000,25.629999,20.566938,7758100
2008-11-18,25.620001,26.450001,24.760000,25.790001,20.800837,9482900
2008-11-19,25.889999,26.190001,21.799999,22.139999,17.856945,14080200
2008-11-20,21.680000,24.120001,21.030001,21.920000,17.679501,14490800
2008-11-21,22.690001,25.020000,22.209999,24.830000,20.026560,12227800
2008-11-24,25.500000,27.219999,24.600000,26.700001,21.534792,10820300
2008-11-25,27.330000,27.889999,26.299999,27.040001,21.809021,10058400
2008-11-26,26.290001,27.389999,25.600000,27.160000,21.905811,9031400
2008-11-28,26.070000,27.400000,25.990000,27.379999,22.083242,2870200
2008-12-01,26.280001,26.549999,25.540001,25.549999,20.607267,8510600
2008-12-02,25.980000,26.750000,25.320000,26.120001,21.066998,8699200
2008-12-03,24.730000,25.309999,24.200001,25.100000,20.244320,10822600
2008-12-04,24.889999,26.110001,24.260000,24.610001,19.849117,7676200
2008-12-05,23.650000,25.990000,23.430000,25.830000,20.833096,7746000
2008-12-08,26.590000,27.240000,26.240000,26.809999,21.623514,8369500
2008-12-09,26.629999,27.889999,26.100000,27.139999,21.889671,7289700
2008-12-10,27.580000,28.139999,27.340000,28.049999,22.623636,5439900
2008-12-11,27.959999,28.840000,27.200001,27.450001,22.139709,6076500
2008-12-12,26.540001,26.860001,25.860001,26.600000,21.454140,6487300
2008-12-15,26.990000,27.500000,25.969999,26.309999,21.220242,6230300
2008-12-16,26.459999,28.709999,26.379999,28.650000,23.107563,7933500
2008-12-17,28.340000,29.049999,28.000000,28.350000,22.865602,6535600
2008-12-18,28.549999,28.719999,27.780001,28.139999,22.696218,6296000
2008-12-19,28.750000,28.969999,27.700001,28.040001,22.615568,7824500
2008-12-22,28.250000,28.940001,26.799999,27.299999,22.018715,5604400
2008-12-23,27.350000,27.959999,26.629999,27.070000,21.833216,4671500
2008-12-24,27.160000,27.969999,27.160000,27.750000,22.381670,1762200
2008-12-26,27.990000,28.459999,27.900000,28.350000,22.865602,2082500
2008-12-29,28.639999,28.790001,27.940001,28.700001,23.147888,4458300
2008-12-30,28.920000,29.080000,28.469999,28.719999,23.164022,4195800
2008-12-31,28.770000,29.010000,28.600000,28.830000,23.252737,4250200
2009-01-02,28.930000,29.230000,28.520000,29.190001,23.543097,5808500
2009-01-05,28.920000,29.500000,28.610001,29.080000,23.454374,6677000
2009-01-06,29.260000,29.260000,28.200001,28.290001,22.817204,13002500
2009-01-07,28.049999,28.709999,27.870001,28.340000,22.857531,13265500
2009-01-08,28.129999,28.309999,27.570000,27.760000,22.389736,7361200
2009-01-09,27.770000,28.170000,27.670000,27.959999,22.551043,7054900
2009-01-12,27.500000,28.000000,26.740000,26.900000,21.696102,7366300
2009-01-13,26.840000,28.080000,26.530001,27.879999,22.486515,8891600
2009-01-14,26.270000,26.389999,24.080000,24.250000,19.558756,14894100
2009-01-15,24.580000,25.660000,24.350000,25.299999,20.405628,11663800
2009-01-16,25.790001,25.879999,24.879999,25.620001,20.663721,8184100
2009-01-20,25.379999,26.100000,25.040001,25.120001,20.260456,9942900
2009-01-21,25.620001,27.180000,25.510000,27.120001,21.873543,9023300
2009-01-22,26.650000,27.639999,26.389999,26.860001,21.663845,9289000
2009-01-23,26.309999,27.240000,25.680000,26.930000,21.720304,7875200
2009-01-26,27.049999,27.850000,26.940001,27.500000,22.180031,6879800
2009-01-27,27.650000,27.930000,27.260000,27.790001,22.413933,10391400
2009-01-28,28.010000,28.230000,27.730000,28.090000,22.655893,8872200
2009-01-29,27.190001,27.620001,26.870001,27.430000,22.123573,10723600
2009-01-30,27.309999,27.969999,26.889999,27.379999,22.083242,10496500
2009-02-02,26.700001,27.809999,26.510000,27.500000,22.180031,11728400
2009-02-03,28.350000,28.750000,26.160000,27.650000,22.301016,12461600
2009-02-04,27.000000,27.100000,24.990000,25.540001,20.599201,15783600
2009-02-05,25.500000,26.920000,25.430000,26.660000,21.502531,10090500
2009-02-06,26.629999,27.770000,26.580000,27.610001,22.268751,7194700
2009-02-09,27.430000,29.260000,27.350000,29.030001,23.414047,12518900
2009-02-10,28.350000,29.030001,28.100000,28.520000,23.002710,13438500
2009-02-11,28.650000,28.770000,27.480000,27.990000,22.575241,7815400
2009-02-12,27.410000,28.570000,27.129999,28.540001,23.018843,7182700
2009-02-13,28.480000,28.990000,28.250000,28.559999,23.034973,4819600
2009-02-17,27.750000,27.980000,26.820000,27.059999,21.932665,8224600
2009-02-18,27.040001,27.780001,26.730000,27.540001,22.321709,7966400
2009-02-19,27.900000,28.440001,27.500000,27.840000,22.564875,5366300
2009-02-20,26.459999,28.070000,26.459999,27.680000,22.435184,8139900
2009-02-23,27.840000,28.170000,27.250000,27.370001,22.183929,10438300
2009-02-24,27.700001,28.459999,27.389999,27.980000,22.678345,8899400
2009-02-25,27.850000,28.209999,27.280001,27.540001,22.321709,9862900
2009-02-26,27.930000,28.170000,27.059999,27.110001,21.973190,6216500
2009-02-27,26.750000,27.580000,26.639999,26.660000,21.608456,7929400
2009-03-02,26.309999,26.450001,25.160000,25.240000,20.457518,7366300
2009-03-03,25.590000,26.000000,24.959999,25.480000,20.652040,8859600
2009-03-04,25.889999,26.990000,25.680000,26.420000,21.413929,7353000
2009-03-05,25.809999,26.639999,25.430000,25.910000,21.000570,8451200
2009-03-06,26.150000,27.100000,25.290001,25.959999,21.041090,6760200
2009-03-09,25.520000,26.780001,25.230000,25.830000,20.935726,5190800
2009-03-10,26.250000,28.530001,26.090000,27.500000,22.289295,13939900
2009-03-11,27.780001,28.219999,27.110001,27.450001,22.248766,7251800
2009-03-12,27.430000,28.139999,27.350000,27.930000,22.637814,7926300
2009-03-13,28.120001,28.320000,27.340000,27.809999,22.540556,4788900
2009-03-16,28.020000,28.780001,27.930000,28.139999,22.808023,5727200
2009-03-17,28.209999,28.570000,27.820000,28.570000,23.156551,3989200
2009-03-18,28.320000,28.959999,28.200001,28.500000,23.099819,7460100
2009-03-19,28.850000,28.850000,27.900000,28.139999,22.808023,4751900
2009-03-20,28.190001,28.290001,27.360001,27.440001,22.240665,5357900
2009-03-23,28.020000,29.180000,27.760000,29.160000,23.634756,6823700
2009-03-24,28.760000,29.469999,28.600000,29.000000,23.505075,4957900
2009-03-25,29.270000,29.469999,28.120001,28.780001,23.326754,5599800
2009-03-26,29.010000,29.150000,28.540001,28.940001,23.456444,4530200
2009-03-27,28.510000,28.830000,28.120001,28.530001,23.124136,3560200
2009-03-30,27.900000,28.309999,27.000000,27.379999,22.192030,5215300
2009-03-31,27.420000,28.219999,27.350000,27.780001,22.516239,5085300
2009-04-01,27.350000,28.440001,27.150000,28.350000,22.978235,4611100
2009-04-02,28.990000,29.209999,28.530001,28.660000,23.229496,4202400
2009-04-03,28.629999,28.990000,28.360001,28.900000,23.424025,3645400
2009-04-06,28.540001,28.969999,28.200001,28.709999,23.270021,3167100
2009-04-07,26.610001,27.049999,25.450001,25.660000,20.797934,9379900
2009-04-08,25.719999,26.190001,25.480000,25.780001,20.895201,5807800
2009-04-09,26.070000,26.379999,25.670000,25.850000,20.951929,5209200
2009-04-13,25.670000,27.129999,25.290001,26.910000,21.811085,8528500
2009-04-14,26.590000,26.900000,25.490000,25.530001,20.692579,7849900
2009-04-15,25.670000,26.070000,25.500000,25.889999,20.984350,5272900
2009-04-16,26.120001,26.299999,25.700001,26.080000,21.138355,6995800
2009-04-17,26.120001,26.410000,26.000000,26.180000,21.219406,5593800
2009-04-20,25.770000,25.959999,24.570000,24.620001,19.955006,6458100
2009-04-21,24.500000,24.870001,24.270000,24.650000,19.979311,6349700
2009-04-22,24.500000,25.469999,24.450001,24.980000,20.246782,6382500
2009-04-23,24.980000,24.980000,23.129999,23.730000,19.233629,9640300
2009-04-24,23.209999,24.280001,23.150000,23.770000,19.266054,5844300
2009-04-27,23.340000,24.500000,23.299999,24.200001,19.614578,6917700
2009-04-28,23.850000,24.809999,23.700001,24.200001,19.614578,6298800
2009-04-29,24.350000,24.650000,23.959999,24.480000,19.841528,4989100
2009-04-30,24.690001,24.950001,24.490000,24.620001,19.955006,5463700
2009-05-01,24.660000,25.590000,24.549999,25.510000,20.676361,5080600
2009-05-04,25.680000,26.209999,25.020000,26.170000,21.211302,6713300
2009-05-05,24.500000,26.240000,23.379999,23.840000,19.322790,11489900
2009-05-06,23.930000,24.370001,23.500000,24.240000,19.646996,8554400
2009-05-07,24.510000,25.049999,24.250000,24.969999,20.238672,8076000
2009-05-08,25.030001,27.120001,25.030001,26.969999,21.859718,9849700
2009-05-11,26.440001,26.799999,25.559999,25.680000,20.814150,6906400
2009-05-12,25.830000,26.650000,25.510000,25.889999,20.984350,5826500
2009-05-13,25.549999,26.490000,24.750000,24.850000,20.141413,5451400
2009-05-14,24.910000,25.340000,24.610001,25.209999,20.433207,4260500
2009-05-15,25.200001,25.549999,25.010000,25.170000,20.400785,4026500
2009-05-18,25.469999,25.660000,24.490000,24.930000,20.206259,6874400
2009-05-19,24.760000,26.040001,24.760000,25.750000,20.988750,5815800
2009-05-20,25.980000,26.980000,25.889999,26.520000,21.616377,8401000
2009-05-21,26.200001,26.389999,25.600000,25.850000,21.070263,5172700
2009-05-22,26.410000,28.100000,25.850000,27.170000,22.146185,8358000
2009-05-26,26.980000,27.400000,26.469999,27.020000,22.023926,5722700
2009-05-27,26.860001,27.139999,26.650000,26.700001,21.763092,5270900
2009-05-28,26.510000,27.340000,26.510000,27.190001,22.162491,4416300
2009-05-29,27.360001,27.600000,27.040001,27.520000,22.431467,4525600
2009-06-01,27.870001,28.450001,27.809999,28.389999,23.140602,5536000
2009-06-02,28.250000,28.969999,27.930000,28.360001,23.116158,6207500
2009-06-03,28.110001,28.139999,27.410000,27.799999,22.659698,4992300
2009-06-04,27.830000,28.490000,27.730000,28.379999,23.132456,4554100
2009-06-05,28.440001,28.690001,27.709999,27.910000,22.749357,2820800
2009-06-08,27.510000,28.129999,27.510000,27.910000,22.749357,3265000
2009-06-09,28.070000,28.559999,28.070000,28.250000,23.026491,4011200
2009-06-10,28.480000,29.000000,28.250000,28.799999,23.474798,7006300
2009-06-11,28.770000,29.400000,28.770000,28.969999,23.613361,5437100
2009-06-12,28.840000,28.850000,28.440001,28.709999,23.401438,3115200
2009-06-15,28.400000,28.600000,27.730000,27.900000,22.741211,3630400
2009-06-16,28.010000,28.260000,27.010000,27.110001,22.097286,4608300
2009-06-17,26.920000,27.059999,26.299999,26.570000,21.657131,4137600
2009-06-18,26.660000,27.400000,26.260000,27.260000,22.219551,4611300
2009-06-19,27.540001,27.969999,27.250000,27.280001,22.235853,6056900
2009-06-22,27.040001,27.180000,26.639999,26.750000,21.803846,4480700
2009-06-23,26.830000,26.830000,25.770000,26.010000,21.200680,7674000
2009-06-24,26.219999,26.740000,26.049999,26.500000,21.600071,4799900
2009-06-25,26.500000,27.160000,26.059999,26.980000,21.991316,6001600
2009-06-26,26.870001,27.049999,26.610001,26.690001,21.754946,8636500
2009-06-29,26.809999,27.350000,26.709999,27.250000,22.211397,4656200
2009-06-30,27.299999,27.379999,26.570000,26.770000,21.820148,6613300
2009-07-01,26.980000,27.930000,26.730000,27.549999,22.455927,4723700
2009-07-02,27.120001,27.430000,26.540001,26.540001,21.632681,3977600
2009-07-06,26.270000,26.809999,26.000000,26.750000,21.803846,3514100
2009-07-07,26.570000,27.459999,26.469999,27.230000,22.195099,7651800
2009-07-08,26.940001,27.000000,26.260000,26.540001,21.632681,5089200
2009-07-09,26.959999,27.309999,26.549999,27.030001,22.032078,4408200
2009-07-10,26.790001,27.160000,26.480000,26.660000,21.730488,3446100
2009-07-13,26.700001,27.129999,26.400000,27.080000,22.072828,4234600
2009-07-14,27.170000,27.490000,26.959999,27.260000,22.219551,3927300
2009-07-15,27.540001,28.129999,27.309999,27.940001,22.773815,6304200
2009-07-16,27.879999,28.590000,27.879999,28.469999,23.205811,4516100
2009-07-17,28.530001,28.930000,28.230000,28.629999,23.336224,3689600
2009-07-20,28.840000,29.139999,28.629999,28.990000,23.629662,4584600
2009-07-21,29.250000,29.680000,28.850000,29.260000,23.849737,4794700
2009-07-22,28.990000,29.680000,28.500000,29.469999,24.020916,6954900
2009-07-23,29.530001,31.139999,29.500000,30.730000,25.047934,7444200
2009-07-24,29.980000,30.889999,29.980000,30.389999,24.770802,4529900
2009-07-27,30.570000,32.130001,30.410000,31.940001,26.034199,7804000
2009-07-28,31.650000,31.740000,30.820000,31.120001,25.365824,6569800
2009-07-29,30.959999,31.120001,30.510000,30.730000,25.047934,5263300
2009-07-30,31.049999,31.150000,30.190001,30.219999,24.632229,7372400
2009-07-31,30.170000,30.900000,29.980000,30.120001,24.550722,7460300
2009-08-03,30.660000,30.900000,30.190001,30.389999,24.770802,5595000
2009-08-04,28.900000,30.000000,28.650000,28.809999,23.482946,12221700
2009-08-05,28.150000,28.799999,27.770000,28.760000,23.442194,7211900
2009-08-06,28.850000,28.980000,28.360001,28.660000,23.360682,4304000
2009-08-07,29.020000,29.080000,28.440001,28.700001,23.393291,4295200
2009-08-10,28.629999,28.780001,28.230000,28.680000,23.376987,4728800
2009-08-11,28.540001,28.680000,28.299999,28.490000,23.222115,4027000
2009-08-12,28.650000,28.650000,27.709999,27.980000,22.806416,8928600
2009-08-13,28.160000,28.500000,27.969999,28.190001,22.977587,6895100
2009-08-14,28.219999,28.389999,27.590000,27.870001,22.716755,4690500
2009-08-17,27.440001,27.670000,27.030001,27.049999,22.048376,5043700
2009-08-18,27.059999,27.610001,27.059999,27.450001,22.490822,4239300
2009-08-19,27.129999,27.780001,27.129999,27.680000,22.679268,4285200
2009-08-20,27.639999,28.040001,27.639999,27.969999,22.916876,2935700
2009-08-21,28.120001,28.750000,28.070000,28.670000,23.490410,4046900
2009-08-24,28.799999,29.500000,28.200001,28.389999,23.260992,5928000
2009-08-25,28.370001,28.629999,27.700001,27.740000,22.728430,5804100
2009-08-26,27.629999,28.180000,27.570000,27.900000,22.859518,7200300
2009-08-27,27.750000,28.330000,27.600000,28.209999,23.113508,4146100
2009-08-28,28.540001,28.980000,28.330000,28.620001,23.449442,6280600
2009-08-31,28.400000,28.889999,28.139999,28.830000,23.621506,5644700
2009-09-01,28.670000,29.049999,27.930000,28.030001,22.966034,5139600
2009-09-02,27.969999,28.170000,27.520000,27.559999,22.580948,5598600
2009-09-03,27.740000,28.070000,27.510000,28.020000,22.957840,4404900
2009-09-04,27.950001,28.910000,27.900000,28.910000,23.687054,5462700
2009-09-08,29.040001,29.299999,28.450001,28.740000,23.547766,5671800
2009-09-09,28.790001,28.920000,28.450001,28.700001,23.514992,4001800
2009-09-10,28.500000,29.040001,28.309999,29.010000,23.768986,3931100
2009-09-11,28.830000,29.309999,28.830000,29.020000,23.777178,3768500
2009-09-14,28.719999,28.959999,28.559999,28.650000,23.474018,3864600
2009-09-15,28.680000,29.270000,28.420000,29.160000,23.891890,5289200
2009-09-16,29.330000,29.500000,28.990000,29.420000,24.104912,6364900
2009-09-17,29.379999,29.420000,28.459999,28.730000,23.539568,6023300
2009-09-18,28.850000,29.360001,28.700001,29.120001,23.859110,6187800
2009-09-21,28.750000,28.969999,28.240000,28.850000,23.637892,5055600
2009-09-22,28.980000,29.000000,28.600000,28.900000,23.678858,3011300
2009-09-23,29.020000,29.020000,28.490000,28.520000,23.367512,3408700
2009-09-24,28.549999,28.700001,27.889999,27.969999,22.916876,4236100
2009-09-25,27.990000,28.010000,27.049999,27.309999,22.376106,7583700
2009-09-28,27.360001,27.760000,27.209999,27.690001,22.687456,3774400
2009-09-29,27.770000,28.330000,27.590000,28.200001,23.105320,5619300
2009-09-30,28.889999,29.299999,28.540001,29.219999,23.941050,9980900
2009-10-01,29.049999,29.209999,28.680000,28.860001,23.646086,5216800
2009-10-02,28.719999,28.780001,27.660000,28.430000,23.293768,3855200
2009-10-05,28.420000,28.790001,27.879999,28.760000,23.564152,4132100
2009-10-06,28.889999,29.500000,28.840000,29.469999,24.145878,5468500
2009-10-07,29.420000,29.500000,29.120001,29.500000,24.170460,2897600
2009-10-08,29.629999,29.820000,29.309999,29.719999,24.350712,4154500
2009-10-09,29.690001,29.889999,29.260000,29.740000,24.367100,3182500
2009-10-12,29.760000,30.000000,29.670000,29.850000,24.457224,2668600
2009-10-13,29.690001,29.990000,29.410000,29.950001,24.539160,3420800
2009-10-14,30.090000,30.180000,29.879999,29.910000,24.506388,4355900
2009-10-15,29.750000,30.059999,29.540001,29.660000,24.301559,5300300
2009-10-16,29.500000,30.150000,29.030001,29.990000,24.571936,5659500
2009-10-19,30.080000,30.830000,29.950001,30.690001,25.145475,4018600
2009-10-20,30.670000,30.920000,30.299999,30.610001,25.079927,5288500
2009-10-21,30.469999,31.629999,30.469999,31.350000,25.686234,6149000
2009-10-22,31.320000,31.330000,30.530001,31.080000,25.465017,5271900
2009-10-23,31.150000,31.330000,30.340000,30.660000,25.120897,3857700
2009-10-26,30.629999,31.160000,30.309999,30.379999,24.891478,4130700
2009-10-27,30.559999,31.040001,29.930000,30.100000,24.662064,4121000
2009-10-28,29.709999,30.480000,29.580000,29.580000,24.236008,4180100
2009-10-29,29.770000,30.930000,29.770000,30.920000,25.333912,5118800
2009-10-30,30.799999,30.959999,29.700001,30.120001,24.678452,6798600
2009-11-02,30.150000,30.990000,30.129999,30.520000,25.006186,5047700
2009-11-03,31.150000,32.330002,31.000000,31.910000,26.145061,9749700
2009-11-04,31.940001,32.619999,31.690001,32.209999,26.390865,6018000
2009-11-05,32.279999,32.740002,32.279999,32.430000,26.571115,5126700
2009-11-06,32.160000,32.650002,32.049999,32.389999,26.538347,4317500
2009-11-09,32.630001,32.939999,32.270000,32.459999,26.595701,5856800
2009-11-10,32.299999,33.000000,32.240002,32.610001,26.718601,6204600
2009-11-11,32.790001,32.860001,31.959999,32.160000,26.349903,5627200
2009-11-12,32.110001,32.599998,32.070000,32.250000,26.423639,5310800
2009-11-13,32.270000,32.650002,32.180000,32.509998,26.636669,3565500
2009-11-16,32.700001,32.970001,31.889999,31.930000,26.161451,7522500
2009-11-17,31.809999,32.360001,31.650000,32.200001,26.498857,4978600
2009-11-18,32.240002,32.549999,31.860001,31.920000,26.268438,4807400
2009-11-19,31.780001,31.940001,31.350000,31.570000,25.980410,5659100
2009-11-20,31.430000,31.750000,31.260000,31.620001,26.021553,3927200
2009-11-23,31.920000,32.169998,31.770000,31.850000,26.210831,4536800
2009-11-24,31.850000,32.049999,31.200001,31.260000,25.725288,4076400
2009-11-25,31.350000,31.530001,31.230000,31.400000,25.840498,2666700
2009-11-27,30.510000,30.860001,30.150000,30.650000,25.223293,2703500
2009-11-30,30.510000,30.850000,30.030001,30.809999,25.354965,5651100
2009-12-01,31.250000,31.959999,31.080000,31.660000,26.054466,6666600
2009-12-02,31.010000,31.930000,30.900000,31.600000,26.005095,3674100
2009-12-03,31.570000,31.820000,31.270000,31.340000,25.791121,3449100
2009-12-04,31.650000,31.980000,31.190001,31.590000,25.996861,4627100
2009-12-07,31.510000,31.690001,31.000000,31.059999,25.560698,3515900
2009-12-08,30.790001,31.040001,30.410000,30.809999,25.354965,5318100
2009-12-09,30.719999,30.850000,30.309999,30.480000,25.083389,3889000
2009-12-10,30.559999,30.980000,30.190001,30.510000,25.108084,4944700
2009-12-11,30.709999,31.030001,30.400000,30.490000,25.091616,4477500
2009-12-14,30.700001,30.809999,29.910000,30.230000,24.877653,6332400
2009-12-15,30.320000,31.000000,30.200001,30.639999,25.215061,5103200
2009-12-16,31.030001,31.700001,30.719999,31.240000,25.708830,5149400
2009-12-17,31.049999,31.230000,30.500000,30.540001,25.132771,3760700
2009-12-18,30.850000,30.850000,30.230000,30.549999,25.140995,5004300
2009-12-21,30.750000,31.240000,30.700001,30.790001,25.338507,3400600
2009-12-22,30.860001,31.129999,30.670000,30.799999,25.346735,2677300
2009-12-23,30.820000,31.469999,30.799999,31.330000,25.782900,2646100
2009-12-24,31.430000,31.690001,31.270000,31.570000,25.980410,1025300
2009-12-28,31.559999,31.750000,31.440001,31.629999,26.029774,1591100
2009-12-29,31.650000,31.889999,31.480000,31.570000,25.980410,2181700
2009-12-30,31.430000,31.760000,31.250000,31.730000,26.112074,1789100
2009-12-31,31.709999,31.840000,31.299999,31.309999,25.766439,1957700
2010-01-04,31.480000,31.840000,31.330000,31.469999,25.898104,3472500
2010-01-05,31.549999,31.770000,31.400000,31.639999,26.038012,3458700
2010-01-06,31.600000,31.889999,31.430000,31.559999,25.972164,3745800
2010-01-07,31.549999,31.700001,31.049999,31.230000,25.700600,7232100
2010-01-08,31.120001,31.190001,30.520000,30.840000,25.379654,6264700
2010-01-11,30.969999,31.320000,30.600000,30.860001,25.396109,5019600
2010-01-12,30.680000,30.860001,30.320000,30.530001,25.124537,4278400
2010-01-13,30.639999,30.830000,30.379999,30.660000,25.231522,3335100
2010-01-14,30.580000,30.969999,30.500000,30.740000,25.297358,3234000
2010-01-15,30.770000,30.969999,30.299999,30.540001,25.132771,3693700
2010-01-19,30.500000,30.879999,30.430000,30.540001,25.132771,4336000
2010-01-20,31.030001,31.190001,30.650000,30.900000,25.429031,7735400
2010-01-21,30.940001,30.980000,30.410000,30.440001,25.050478,8686100
2010-01-22,30.330000,30.900000,30.070000,30.469999,25.075167,6270800
2010-01-25,30.709999,30.709999,29.700001,29.770000,24.499104,6367700
2010-01-26,29.650000,29.770000,29.530001,29.629999,24.383892,5009300
2010-01-27,29.610001,29.889999,29.520000,29.750000,24.482643,5128500
2010-01-28,29.790001,30.190001,29.750000,29.950001,24.647234,7374100
2010-01-29,30.120001,30.309999,29.650000,29.969999,24.663685,6580200
2010-02-01,30.070000,30.180000,29.650000,30.160000,24.820053,5922200
2010-02-02,30.420000,31.799999,30.370001,31.629999,26.029774,10066300
2010-02-03,31.549999,31.760000,30.910000,31.180000,25.659452,5960500
2010-02-04,30.900000,30.969999,30.030001,30.059999,24.737755,6939900
2010-02-05,30.299999,30.830000,30.080000,30.610001,25.190378,7456500
2010-02-08,30.610001,30.740000,29.850000,29.889999,24.597853,6611200
2010-02-09,30.160000,30.280001,29.570000,29.910000,24.614317,8241300
2010-02-10,29.959999,30.110001,29.750000,29.990000,24.680147,4799300
2010-02-11,29.879999,30.370001,29.500000,30.030001,24.713062,5744000
2010-02-12,29.680000,29.930000,29.459999,29.770000,24.499104,5090900
2010-02-16,29.889999,30.000000,29.250000,29.480000,24.383301,7384300
2010-02-17,29.620001,29.889999,29.559999,29.879999,24.714148,4611900
2010-02-18,29.719999,30.040001,29.690001,29.969999,24.788591,3679600
2010-02-19,29.860001,30.049999,29.580000,29.950001,24.772045,3897500
2010-02-22,29.830000,30.049999,29.650000,29.809999,24.656250,3619800
2010-02-23,29.809999,29.830000,29.459999,29.620001,24.499104,5819300
2010-02-24,29.620001,29.860001,29.430000,29.570000,24.457743,4607500
2010-02-25,29.200001,29.469999,29.080000,29.469999,24.375034,4701500
2010-02-26,29.500000,29.570000,29.150000,29.360001,24.284048,3487500
2010-03-01,29.490000,29.750000,29.440001,29.660000,24.532187,2732700
2010-03-02,29.730000,30.250000,29.660000,29.850000,24.689335,4422200
2010-03-03,29.990000,30.059999,29.660000,29.780001,24.631437,3891600
2010-03-04,29.840000,30.010000,29.670000,30.000000,24.813402,3504000
2010-03-05,30.000000,30.700001,29.959999,30.620001,25.326212,5047800
2010-03-08,30.670000,30.799999,30.340000,30.570000,25.284853,2761700
2010-03-09,30.469999,30.680000,30.389999,30.510000,25.235239,4476400
2010-03-10,30.559999,30.629999,30.059999,30.240000,25.011911,4428800
2010-03-11,30.070000,30.170000,29.330000,29.440001,24.350216,8551000
2010-03-12,29.740000,29.760000,28.559999,28.660000,23.705076,7700400
2010-03-15,28.780001,28.830000,28.450001,28.610001,23.663713,4943900
2010-03-16,28.990000,28.990000,28.309999,28.590000,23.647175,4822400
2010-03-17,28.600000,29.100000,28.540001,29.100000,24.069002,5398200
2010-03-18,29.180000,29.250000,28.809999,29.240000,24.184801,5884200
2010-03-19,29.090000,29.400000,28.629999,29.090000,24.060730,6960800
2010-03-22,28.879999,29.330000,28.760000,29.330000,24.259235,4084700
2010-03-23,29.280001,29.360001,28.969999,29.320000,24.250965,4818300
2010-03-24,29.190001,29.190001,28.120001,28.500000,23.572735,8886100
2010-03-25,28.660000,28.740000,28.240000,28.260000,23.374231,6065500
2010-03-26,28.450001,28.559999,28.059999,28.420000,23.506561,6438700
2010-03-29,29.080000,29.129999,28.690001,29.030001,24.011105,7454400
2010-03-30,29.000000,29.090000,28.639999,28.930000,23.928389,5522800
2010-03-31,28.910000,29.020000,28.520000,28.900000,23.903582,4664700
2010-04-01,28.969999,29.200001,28.889999,29.110001,24.077272,3744300
2010-04-05,29.260000,29.260000,28.320000,28.459999,23.539650,7385200
2010-04-06,28.459999,28.480000,28.120001,28.230000,23.349413,7659800
2010-04-07,28.110001,28.340000,28.030001,28.250000,23.365950,6621300
2010-04-08,28.129999,28.290001,27.969999,28.059999,23.208803,6438400
2010-04-09,28.090000,28.299999,28.040001,28.260000,23.374231,4140800
2010-04-12,28.070000,28.370001,28.049999,28.370001,23.465208,3879300
2010-04-13,28.360001,28.500000,28.030001,28.180000,23.308060,4786900
2010-04-14,28.360001,28.360001,28.080000,28.309999,23.415581,6167700
2010-04-15,28.320000,28.520000,28.150000,28.340000,23.440395,4650300
2010-04-16,28.290001,28.540001,28.100000,28.250000,23.365950,5438400
2010-04-19,28.190001,28.400000,28.049999,28.260000,23.374231,3607600
2010-04-20,28.309999,29.020000,28.190001,28.920000,23.920118,7695600
2010-04-21,29.000000,29.100000,28.650000,28.770000,23.796053,5184200
2010-04-22,28.629999,28.629999,28.260000,28.459999,23.539650,5011600
2010-04-23,28.430000,28.520000,28.200001,28.500000,23.572735,4034500
2010-04-26,28.590000,28.700001,28.389999,28.440001,23.523100,3819100
2010-04-27,28.280001,28.500000,27.850000,27.879999,23.059923,6792900
2010-04-28,27.950001,28.160000,27.879999,28.010000,23.167448,7609300
2010-04-29,28.190001,28.309999,27.969999,28.120001,23.258432,9038900
2010-04-30,28.190001,28.379999,27.930000,27.940001,23.109549,6924900
2010-05-03,28.230000,28.250000,27.650000,27.719999,22.927584,8694800
2010-05-04,27.540001,27.650000,26.030001,26.219999,21.686914,16207400
2010-05-05,26.190001,26.629999,25.760000,26.450001,21.877151,11111900
2010-05-06,26.360001,26.430000,24.770000,25.700001,21.256815,9342400
2010-05-07,25.889999,26.270000,25.559999,25.940001,21.455322,11861400
2010-05-10,26.690001,26.860001,26.379999,26.610001,22.009493,6235400
2010-05-11,26.459999,27.200001,26.250000,27.020000,22.348606,7711300
2010-05-12,27.030001,27.549999,26.920000,27.500000,22.745619,6043600
2010-05-13,27.400000,27.580000,26.990000,27.150000,22.456133,4644200
2010-05-14,27.000000,27.120001,26.670000,26.770000,22.141821,4800600
2010-05-17,26.840000,27.240000,26.620001,27.170000,22.472670,5981900
2010-05-18,27.250000,27.420000,26.690001,26.709999,22.214842,5323600
2010-05-19,26.600000,26.790001,26.400000,26.670000,22.181578,4384600
2010-05-20,26.170000,26.170000,25.350000,25.379999,21.108679,8227900
2010-05-21,24.870001,25.629999,24.850000,25.410000,21.133623,7830000
2010-05-24,25.280001,25.280001,24.910000,24.920000,20.726088,6152200
2010-05-25,24.520000,24.730000,24.219999,24.700001,20.543118,8677500
2010-05-26,24.900000,25.070000,24.719999,24.870001,20.684507,9500600
2010-05-27,25.080000,25.440001,24.980000,25.430000,21.150257,5430700
2010-05-28,25.420000,25.549999,25.200001,25.270000,21.017189,6349600
2010-06-01,25.049999,25.480000,24.820000,25.000000,20.792629,4636700
2010-06-02,25.120001,25.570000,25.020000,25.559999,21.258385,4979600
2010-06-03,25.540001,25.620001,25.340000,25.530001,21.233429,2960600
2010-06-04,25.250000,25.299999,24.799999,24.830000,20.651236,5935200
2010-06-07,24.799999,25.000000,24.500000,24.510000,20.385094,4135700
2010-06-08,24.580000,24.900000,24.420000,24.889999,20.701141,4911200
2010-06-09,25.049999,25.440001,24.840000,24.930000,20.734407,4756000
2010-06-10,25.240000,25.629999,25.090000,25.389999,21.116995,4398400
2010-06-11,25.190001,25.660000,25.010000,25.639999,21.324921,4325900
2010-06-14,25.740000,25.910000,25.610001,25.650000,21.333237,3197600
2010-06-15,25.860001,26.719999,25.799999,26.709999,22.214842,6228300
2010-06-16,26.540001,26.780001,26.459999,26.780001,22.273069,5853600
2010-06-17,26.860001,27.660000,26.850000,27.510000,22.880209,12251500
2010-06-18,27.469999,27.629999,27.170000,27.190001,22.614059,6744300
2010-06-21,27.490000,27.580000,26.990000,27.160000,22.589115,5150100
2010-06-22,27.139999,27.139999,26.590000,26.650000,22.164940,6062600
2010-06-23,26.440001,27.190001,26.440001,26.990000,22.447721,4968000
2010-06-24,26.860001,27.100000,26.280001,26.459999,22.006916,7517600
2010-06-25,26.469999,26.610001,26.270000,26.340000,21.907114,9200600
2010-06-28,26.340000,26.870001,26.280001,26.650000,22.164940,4251500
2010-06-29,26.290001,26.480000,25.889999,26.010000,21.632652,7471200
2010-06-30,26.030001,26.110001,25.670000,25.820000,21.474628,6624000
2010-07-01,26.030001,26.190001,25.510000,25.760000,21.424726,5301000
2010-07-02,25.799999,25.940001,25.020000,25.500000,21.208485,6209800
2010-07-06,25.719999,26.059999,25.580000,25.780001,21.441362,4492400
2010-07-07,25.940001,26.379999,25.760000,26.340000,21.907114,5593100
2010-07-08,26.629999,26.760000,26.480000,26.709999,22.214842,3985400
2010-07-09,26.709999,26.799999,26.209999,26.719999,22.223164,4767900
2010-07-12,26.610001,26.719999,26.490000,26.680000,22.189894,2730400
2010-07-13,26.870001,27.250000,26.799999,26.980000,22.439404,4691200
2010-07-14,26.840000,27.120001,26.680000,26.900000,22.372866,3195200
2010-07-15,26.639999,26.990000,26.540001,26.870001,22.347918,3616800
2010-07-16,27.049999,27.500000,26.730000,26.740000,22.239794,7020900
2010-07-19,26.950001,26.950001,26.600000,26.780001,22.273069,3757100
2010-07-20,26.600000,27.420000,26.570000,27.379999,22.772085,3643900
2010-07-21,27.440001,27.440001,26.940001,27.090000,22.530893,4348800
2010-07-22,27.209999,27.709999,27.209999,27.450001,22.830307,3890800
2010-07-23,27.459999,27.709999,27.330000,27.629999,22.980013,5187900
2010-07-26,27.600000,27.980000,27.590000,27.799999,23.121395,3843200
2010-07-27,27.959999,28.209999,27.780001,27.840000,23.154675,5469300
2010-07-28,27.870001,27.990000,27.600000,27.660000,23.004969,3595400
2010-07-29,27.280001,27.450001,26.840000,27.000000,22.456036,11662500
2010-07-30,26.900000,27.540001,26.500000,27.360001,22.755453,6591900
2010-08-02,27.639999,28.389999,27.580000,28.320000,23.553886,7491600
2010-08-03,28.600000,29.170000,28.410000,28.490000,23.695276,7249200
2010-08-04,28.510000,28.750000,28.260000,28.610001,23.795084,4557800
2010-08-05,28.760000,30.400000,28.760000,30.250000,25.159081,17192900
2010-08-06,30.410000,30.980000,29.969999,30.180000,25.100863,12834100
2010-08-09,30.100000,30.639999,29.830000,30.629999,25.475130,6590400
2010-08-10,30.260000,30.790001,30.240000,30.639999,25.483446,4481500
2010-08-11,30.030001,30.290001,29.790001,29.840000,24.818087,5221100
2010-08-12,29.650000,30.620001,29.590000,30.600000,25.450176,6338900
2010-08-13,30.590000,30.780001,29.990000,30.049999,24.992739,6022200
2010-08-16,29.889999,30.240000,29.690001,30.040001,24.984425,5079900
2010-08-17,30.420000,30.959999,30.070000,30.780001,25.728350,6242800
2010-08-18,31.000000,31.090000,30.580000,30.709999,25.669842,4753300
2010-08-19,30.770000,30.860001,30.219999,30.230000,25.268623,5397300
2010-08-20,30.170000,30.730000,30.129999,30.520000,25.511028,5688600
2010-08-23,30.770000,31.000000,30.309999,30.330000,25.352209,3933300
2010-08-24,29.950001,30.100000,29.760000,29.879999,24.976065,4526000
2010-08-25,29.750000,30.129999,29.639999,30.110001,25.168314,6294600
2010-08-26,30.219999,30.430000,29.930000,29.969999,25.051292,4548500
2010-08-27,30.200001,30.639999,29.860001,30.530001,25.519386,5992900
2010-08-30,30.480000,30.900000,30.160000,30.549999,25.536098,3589000
2010-08-31,30.520000,30.889999,30.330000,30.809999,25.753433,6718700
2010-09-01,31.250000,31.950001,31.160000,31.350000,26.204800,5905200
2010-09-02,31.340000,31.670000,31.240000,31.540001,26.363621,3875000
2010-09-03,31.820000,32.000000,31.580000,32.000000,26.748127,4176800
2010-09-07,31.830000,32.000000,31.370001,31.389999,26.238235,4761900
2010-09-08,31.400000,32.200001,31.400000,31.950001,26.706331,5188900
2010-09-09,32.189999,32.189999,31.700001,31.850000,26.622747,4105700
2010-09-10,32.330002,32.740002,32.220001,32.720001,27.349960,6107100
2010-09-13,32.840000,33.150002,32.680000,32.680000,27.316521,5293800
2010-09-14,32.610001,32.689999,32.150002,32.160000,26.881865,5778800
2010-09-15,32.169998,32.580002,32.110001,32.540001,27.199499,4208500
2010-09-16,32.299999,33.320000,32.200001,33.209999,27.759539,7780700
2010-09-17,33.389999,33.450001,32.369999,32.380001,27.065762,8973000
2010-09-20,32.599998,33.000000,32.400002,32.950001,27.542217,3586800
2010-09-21,33.250000,33.310001,32.619999,32.849998,27.458626,4303400
2010-09-22,32.959999,33.540001,32.919998,33.389999,27.910002,5214800
2010-09-23,33.070000,33.270000,32.750000,33.009998,27.592361,3798800
2010-09-24,33.270000,33.349998,32.009998,32.270000,26.973816,10317400
2010-09-27,32.450001,32.759998,32.259998,32.639999,27.283089,6379800
2010-09-28,32.770000,32.919998,32.279999,32.889999,27.492058,3856700
2010-09-29,32.860001,32.970001,32.529999,32.570000,27.224579,3597200
2010-09-30,32.680000,32.799999,31.750000,31.920000,26.681253,7302300
2010-10-01,31.889999,31.940001,31.360001,31.920000,26.681253,6610800
2010-10-04,31.930000,32.040001,31.440001,31.610001,26.422134,5079200
2010-10-05,31.799999,32.450001,31.790001,32.380001,27.065762,4621600
2010-10-06,32.419998,32.650002,32.220001,32.299999,26.998896,3915700
2010-10-07,32.450001,32.759998,32.299999,32.730000,27.358313,4239000
2010-10-08,32.900002,33.500000,32.849998,32.860001,27.466974,7192600
2010-10-11,32.630001,32.740002,32.160000,32.560001,27.216223,5127400
2010-10-12,32.450001,32.790001,32.200001,32.709999,27.341600,3592200
2010-10-13,33.160000,33.419998,33.029999,33.220001,27.767904,6192900
2010-10-14,33.299999,33.340000,33.060001,33.279999,27.818054,3536100
2010-10-15,33.500000,33.500000,32.970001,33.270000,27.809692,4585500
2010-10-18,33.340000,33.610001,33.080002,33.580002,28.068817,4047600
2010-10-19,33.349998,33.349998,32.840000,32.959999,27.550564,3922300
2010-10-20,33.070000,33.560001,33.020000,33.430000,27.943430,5458500
2010-10-21,33.450001,33.720001,33.250000,33.430000,27.943430,2673600
2010-10-22,33.419998,33.700001,33.200001,33.540001,28.035376,2314200
2010-10-25,33.709999,34.029999,33.619999,33.709999,28.177479,3501900
2010-10-26,33.540001,33.689999,33.150002,33.369999,27.893274,3722400
2010-10-27,33.139999,33.230000,32.709999,33.220001,27.767904,3799700
2010-10-28,33.590000,33.860001,33.169998,33.450001,27.960148,3076300
2010-10-29,33.130001,33.410000,32.500000,33.320000,27.851486,9125700
2010-11-01,33.430000,33.880001,33.279999,33.389999,27.910002,5321500
2010-11-02,32.090000,32.259998,30.500000,31.190001,26.071064,19860100
2010-11-03,31.230000,31.250000,30.709999,31.049999,25.954037,7968600
2010-11-04,31.370001,31.620001,30.770000,31.559999,26.380337,9744600
2010-11-05,31.920000,32.000000,31.219999,31.350000,26.204800,4751600
2010-11-08,31.299999,31.299999,31.020000,31.190001,26.071064,3357700
2010-11-09,31.160000,31.180000,30.680000,30.850000,25.786869,6129200
2010-11-10,30.820000,30.879999,30.549999,30.780001,25.728350,4082100
2010-11-11,30.530001,30.730000,30.500000,30.680000,25.644768,4144800
2010-11-12,30.610001,30.610001,30.040001,30.230000,25.268623,5436600
2010-11-15,30.350000,30.510000,30.139999,30.190001,25.235186,3943100
2010-11-16,29.969999,30.190001,29.370001,29.580000,24.848761,5438200
2010-11-17,29.530001,29.809999,29.360001,29.520000,24.798355,5037000
2010-11-18,29.830000,30.020000,29.540001,29.790001,25.025169,3935200
2010-11-19,29.820000,29.870001,29.620001,29.660000,24.915966,4069000
2010-11-22,29.600000,29.799999,29.490000,29.670000,24.924366,3900800
2010-11-23,29.459999,29.520000,29.010000,29.090000,24.437140,5376400
2010-11-24,29.320000,29.480000,29.120001,29.480000,24.764753,3436000
2010-11-26,29.270000,29.600000,29.190001,29.209999,24.537941,2051300
2010-11-29,28.910000,29.100000,28.530001,28.879999,24.260725,6719800
2010-11-30,28.680000,29.209999,28.530001,28.990000,24.353130,5749700
2010-12-01,29.360001,29.510000,29.000000,29.490000,24.773157,4810000
2010-12-02,29.320000,30.120001,29.260000,30.120001,25.302387,6641100
2010-12-03,30.010000,30.530001,29.860001,30.389999,25.529205,6136900
2010-12-06,30.379999,30.430000,30.010000,30.150000,25.327591,4406800
2010-12-07,30.379999,30.420000,30.049999,30.170000,25.344393,6496400
2010-12-08,30.129999,30.350000,29.799999,29.950001,25.159578,5036200
2010-12-09,30.170000,30.490000,30.100000,30.440001,25.571205,7562500
2010-12-10,30.549999,31.100000,30.400000,31.070000,26.100441,7577800
2010-12-13,31.290001,31.480000,30.629999,30.690001,25.781218,5924100
2010-12-14,30.680000,30.780001,30.459999,30.559999,25.672014,3779100
2010-12-15,30.500000,30.639999,30.180000,30.219999,25.386393,4336700
2010-12-16,30.190001,30.500000,30.139999,30.350000,25.495604,3340800
2010-12-17,30.209999,30.350000,29.920000,30.030001,25.226780,6355700
2010-12-20,30.240000,30.350000,30.059999,30.250000,25.411596,3861200
2010-12-21,30.360001,30.650000,30.080000,30.150000,25.327591,4277700
2010-12-22,30.200001,30.680000,29.930000,30.590000,25.697210,5857700
2010-12-23,30.500000,30.610001,30.160000,30.209999,25.377995,4428700
2010-12-27,30.209999,30.360001,30.010000,30.090000,25.277189,2787900
2010-12-28,30.180000,30.250000,29.639999,29.780001,25.016769,4978200
2010-12-29,29.780001,29.950001,29.650000,29.750000,24.991568,5818700
2010-12-30,29.750000,29.990000,29.670000,29.900000,25.117577,3837200
2010-12-31,29.879999,30.160000,29.750000,30.080000,25.268785,2843700
2011-01-03,30.389999,30.549999,30.129999,30.400000,25.537600,5111900
2011-01-04,30.440001,30.870001,30.290001,30.379999,25.520803,8274900
2011-01-05,30.500000,30.889999,30.350000,30.520000,25.638409,5516700
2011-01-06,31.070000,31.879999,31.049999,31.690001,26.621279,12048900
2011-01-07,31.950001,32.029999,31.360001,31.950001,26.839685,8929400
2011-01-10,31.610001,32.279999,31.610001,32.090000,26.957291,6427900
2011-01-11,32.220001,32.369999,32.040001,32.209999,27.058100,4708000
2011-01-12,32.419998,32.779999,32.310001,32.560001,27.352118,7139500
2011-01-13,32.750000,33.259998,32.639999,33.230000,27.914953,7071700
2011-01-14,33.470001,33.509998,33.040001,33.509998,28.150166,4814100
2011-01-18,33.669998,34.500000,33.599998,33.720001,28.326576,7764500
2011-01-19,34.310001,34.580002,33.700001,33.930000,28.502989,9593500
2011-01-20,33.750000,33.869999,32.230000,33.389999,28.049364,11039800
2011-01-21,33.680000,33.959999,33.290001,33.450001,28.099766,6257400
2011-01-24,33.410000,33.630001,33.279999,33.419998,28.074566,4523900
2011-01-25,33.290001,33.509998,33.099998,33.340000,28.007359,5588200
2011-01-26,33.730000,33.830002,33.220001,33.419998,28.074566,4919600
2011-01-27,33.610001,33.759998,33.230000,33.430000,28.082962,4999900
2011-01-28,33.580002,33.700001,32.639999,32.759998,27.520124,5808900
2011-01-31,33.110001,33.299999,32.630001,32.669998,27.444527,8415400
2011-02-01,34.849998,35.200001,34.430000,34.700001,29.149826,19583800
2011-02-02,34.869999,35.400002,34.759998,35.330002,29.679066,13420700
2011-02-03,35.259998,35.599998,34.810001,35.450001,29.779873,6754200
2011-02-04,35.610001,36.090000,35.209999,36.090000,30.317501,7477100
2011-02-07,36.150002,36.290001,35.910000,35.950001,30.199900,6906400
2011-02-08,36.009998,36.090000,35.630001,36.090000,30.317501,6512500
2011-02-09,36.180000,36.500000,35.680000,36.020000,30.258705,6175400
2011-02-10,35.959999,36.189999,35.049999,35.439999,29.771473,9499600
2011-02-11,35.380001,36.259998,35.200001,36.220001,30.426706,9066400
2011-02-14,36.130001,36.730000,36.130001,36.650002,30.787933,6259200
2011-02-15,36.580002,36.599998,36.139999,36.459999,30.762619,8077700
2011-02-16,37.040001,37.310001,36.680000,37.119999,31.319496,7193300
2011-02-17,36.889999,37.490002,36.590000,37.480000,31.623230,5522800
2011-02-18,37.410000,37.959999,37.099998,37.650002,31.766674,6852100
2011-02-22,37.230000,38.020000,36.900002,36.980000,31.201359,7257900
2011-02-23,36.869999,36.950001,35.470001,35.869999,30.264818,10422600
2011-02-24,35.950001,36.560001,35.950001,36.430000,30.737307,7244000
2011-02-25,36.560001,37.029999,36.560001,36.880001,31.116987,4607600
2011-02-28,37.060001,37.630001,37.029999,37.180000,31.370119,5707900
2011-03-01,37.500000,37.610001,36.590000,36.619999,30.897610,4906100
2011-03-02,36.369999,36.970001,36.240002,36.770000,31.024187,4690700
2011-03-03,36.959999,37.349998,36.939999,37.290001,31.462919,3506200
2011-03-04,37.490002,37.709999,36.750000,36.950001,31.176052,5320000
2011-03-07,37.040001,37.139999,36.500000,36.740002,30.998871,5910700
2011-03-08,36.869999,37.090000,36.700001,36.990002,31.209810,4888900
2011-03-09,36.970001,36.970001,36.459999,36.599998,30.880747,6330000
2011-03-10,36.169998,36.470001,35.450001,35.450001,29.910446,7129400
2011-03-11,35.349998,36.279999,35.160000,36.090000,30.450443,4805100
2011-03-14,35.669998,36.180000,35.380001,35.799999,30.205757,4295000
2011-03-15,34.900002,35.689999,34.700001,35.500000,29.952635,5186100
2011-03-16,35.380001,35.400002,34.119999,34.439999,29.058271,7779600
2011-03-17,35.299999,35.349998,34.669998,34.750000,29.319836,4904800
2011-03-18,35.160000,35.290001,34.810001,34.959999,29.497013,5176600
2011-03-21,35.330002,35.970001,35.169998,35.880001,30.273258,5189600
2011-03-22,36.130001,36.250000,35.740002,36.040001,30.408257,8507300
2011-03-23,36.020000,36.270000,35.910000,36.110001,30.467319,4447900
2011-03-24,36.110001,36.369999,35.790001,36.070000,30.433571,4470000
2011-03-25,35.590000,35.750000,35.119999,35.299999,29.783880,8687200
2011-03-28,35.430000,35.799999,35.290001,35.349998,29.826073,3884500
2011-03-29,35.230000,35.720001,35.220001,35.720001,30.138258,3411300
2011-03-30,35.959999,36.119999,35.700001,35.939999,30.323870,3548400
2011-03-31,36.020000,36.560001,35.900002,36.009998,30.382933,7058200
2011-04-01,36.680000,36.750000,36.099998,36.480000,30.779503,4950100
2011-04-04,36.900002,36.900002,36.480000,36.720001,30.981993,3823000
2011-04-05,36.759998,37.150002,36.590000,37.020000,31.235109,5031100
2011-04-06,37.080002,37.160000,36.470001,36.560001,30.846996,6097400
2011-04-07,36.509998,36.630001,36.139999,36.470001,30.771063,3834700
2011-04-08,36.320000,36.349998,35.220001,35.270000,29.758575,6823000
2011-04-11,35.439999,35.830002,35.389999,35.570000,30.011696,3980200
2011-04-12,35.380001,35.660000,35.349998,35.540001,29.986382,3931300
2011-04-13,35.599998,35.770000,35.110001,35.139999,29.648893,4182500
2011-04-14,35.180000,35.310001,34.970001,35.040001,29.564522,4208600
2011-04-15,35.180000,35.360001,34.810001,34.830002,29.387333,5477800
2011-04-18,34.439999,34.689999,34.209999,34.450001,29.066711,5369200
2011-04-19,34.470001,34.980000,34.389999,34.959999,29.497013,5176300
2011-04-20,35.419998,35.849998,35.369999,35.810001,30.214197,4648400
2011-04-21,35.939999,36.099998,35.790001,36.049999,30.416677,2889100
2011-04-25,36.080002,36.080002,35.540001,35.689999,30.112936,2658100
2011-04-26,35.930000,36.400002,35.750000,36.349998,30.669811,3700000
2011-04-27,36.410000,36.430000,35.770000,36.310001,30.636068,4402300
2011-04-28,36.360001,36.639999,36.000000,36.340000,30.661366,4231000
2011-04-29,36.639999,37.090000,36.299999,37.020000,31.235109,5683100
2011-05-02,37.279999,37.279999,36.860001,37.000000,31.218237,6944000
2011-05-03,36.119999,36.150002,34.450001,34.509998,29.117334,13508000
2011-05-04,34.810001,35.070000,34.400002,34.720001,29.294519,10244400
2011-05-05,34.529999,34.660000,34.020000,34.080002,28.754524,9458200
2011-05-06,34.310001,34.439999,33.709999,33.970001,28.661713,5876000
2011-05-09,34.130001,34.189999,33.860001,34.110001,28.779840,4770500
2011-05-10,33.730000,33.919998,33.070000,33.410000,28.189224,11601000
2011-05-11,32.380001,33.240002,32.349998,32.580002,27.488926,11280300
2011-05-12,32.639999,32.650002,32.029999,32.299999,27.252678,9664200
2011-05-13,32.250000,32.470001,32.099998,32.200001,27.168306,8705600
2011-05-16,32.180000,32.310001,32.000000,32.009998,27.007999,5859800
2011-05-17,31.870001,31.980000,31.660000,31.809999,26.974079,6961600
2011-05-18,31.820000,31.969999,31.650000,31.760000,26.931681,8234600
2011-05-19,31.900000,31.900000,31.110001,31.490000,26.702724,11339100
2011-05-20,31.459999,31.559999,31.100000,31.260000,26.507694,6473700
2011-05-23,30.940001,31.139999,30.780001,30.969999,26.261778,7515800
2011-05-24,31.150000,31.270000,30.950001,30.959999,26.253298,4406200
2011-05-25,30.830000,31.190001,30.719999,31.030001,26.312658,5603200
2011-05-26,31.129999,31.520000,30.950001,31.340000,26.575529,6023900
2011-05-27,31.660000,32.279999,31.600000,32.209999,27.313267,7226500
2011-05-31,33.349998,33.349998,32.110001,32.410000,27.482862,7163400
2011-06-01,32.490002,32.520000,31.020000,31.110001,26.380495,9206300
2011-06-02,31.120001,31.180000,30.639999,30.690001,26.024343,8887700
2011-06-03,30.360001,30.660000,30.270000,30.389999,25.769951,6458900
2011-06-06,30.330000,30.540001,30.209999,30.260000,25.659718,6243200
2011-06-07,30.469999,30.469999,30.080000,30.129999,25.549482,7077800
2011-06-08,30.020000,30.090000,29.660000,29.750000,25.227247,15461200
2011-06-09,29.820000,30.230000,29.600000,30.090000,25.515558,6970400
2011-06-10,30.000000,30.040001,29.530001,29.540001,25.049173,4577000
2011-06-13,29.809999,29.920000,29.520000,29.799999,25.269644,5876700
2011-06-14,30.020000,30.290001,29.879999,30.290001,25.685156,6938900
2011-06-15,30.049999,30.070000,29.459999,29.580000,25.083092,5592700
2011-06-16,29.670000,29.930000,28.980000,29.520000,25.032217,10032300
2011-06-17,29.860001,30.200001,29.750000,30.170000,25.583401,10036000
2011-06-20,30.040001,30.660000,29.879999,30.440001,25.812353,5995300
2011-06-21,30.790001,30.920000,30.500000,30.570000,25.922586,5479500
2011-06-22,30.459999,30.730000,30.270000,30.299999,25.693632,3677100
2011-06-23,29.920000,29.950001,29.299999,29.510000,25.023737,7792100
2011-06-24,29.559999,29.700001,29.299999,29.299999,24.845657,7020000
2011-06-27,29.520000,29.740000,29.410000,29.620001,25.117014,4318300
2011-06-28,29.780001,29.780001,29.469999,29.600000,25.100052,4461400
2011-06-29,29.860001,30.379999,29.660000,30.309999,25.702114,4837600
2011-06-30,30.350000,30.440001,29.990000,30.150000,25.566442,6533800
2011-07-01,30.430000,30.889999,30.090000,30.830000,26.143061,4938100
2011-07-05,30.879999,31.030001,30.500000,31.010000,26.295692,5902100
2011-07-06,30.910000,31.000000,30.450001,30.750000,26.075228,4539800
2011-07-07,31.120001,31.120001,30.379999,30.450001,25.820831,7581900
2011-07-08,30.450001,31.059999,30.309999,31.040001,26.321140,10826700
2011-07-11,30.770000,30.840000,30.379999,30.510000,25.871710,4908500
2011-07-12,30.389999,31.000000,30.389999,30.790001,26.109142,5910900
2011-07-13,30.930000,31.129999,30.420000,30.440001,25.812353,6624500
2011-07-14,30.570000,30.790001,29.809999,29.889999,25.345968,7046000
2011-07-15,29.940001,30.340000,29.940001,30.299999,25.693632,4838200
2011-07-18,30.090000,30.200001,29.530001,29.629999,25.125490,5685800
2011-07-19,29.709999,30.629999,29.600000,30.559999,25.914108,4990300
2011-07-20,30.870001,31.559999,30.719999,31.299999,26.541609,7554000
2011-07-21,31.750000,32.410000,31.480000,32.270000,27.364143,7045400
2011-07-22,32.360001,32.380001,31.730000,32.119999,27.236948,4047500
2011-07-25,31.840000,32.070000,31.670000,31.830000,26.991032,3812700
2011-07-26,31.900000,32.049999,31.510000,31.600000,26.796003,4313000
2011-07-27,31.469999,31.590000,30.830000,31.010000,26.295692,5474000
2011-07-28,31.049999,31.360001,30.620001,30.809999,26.126099,5772000
2011-07-29,30.510000,31.150000,30.370001,30.379999,25.761477,6963900
2011-08-01,30.910000,30.950001,30.100000,30.480000,25.846266,6174000
2011-08-02,29.299999,29.540001,28.600000,28.600000,24.252077,14450300
2011-08-03,28.590000,29.770000,28.590000,29.639999,25.133970,12431300
2011-08-04,29.240000,29.400000,28.049999,28.049999,23.785686,12163300
2011-08-05,28.320000,28.900000,27.650000,28.639999,24.285994,13393700
2011-08-08,27.670000,27.870001,26.290001,26.290001,22.293259,13997800
2011-08-09,26.959999,27.730000,26.000000,27.709999,23.497385,10820800
2011-08-10,27.170000,27.299999,26.100000,26.170000,22.191498,11258700
2011-08-11,26.570000,27.940001,26.480000,27.530001,23.344744,9412800
2011-08-12,27.620001,27.790001,27.250000,27.280001,23.132750,7132800
2011-08-15,27.430000,28.450001,27.370001,28.290001,23.989208,6527200
2011-08-16,27.930000,28.270000,27.680000,28.040001,23.912457,5631800
2011-08-17,28.240000,28.719999,28.120001,28.330000,24.159767,5170900
2011-08-18,27.610001,27.790001,27.020000,27.510000,23.460468,7964000
2011-08-19,27.100000,28.129999,27.080000,27.520000,23.469002,7542100
2011-08-22,28.120001,28.309999,27.160000,27.270000,23.255798,7980700
2011-08-23,27.510000,28.250000,27.320000,28.250000,24.091545,6782400
2011-08-24,28.120001,28.450001,27.940001,28.430000,24.245047,4357900
2011-08-25,28.500000,28.500000,27.570000,27.650000,23.579863,5005000
2011-08-26,27.420000,28.160000,27.000000,27.799999,23.707781,5679200
2011-08-29,28.150000,28.860001,28.100000,28.740000,24.509415,5621700
2011-08-30,28.580000,28.850000,28.360001,28.730000,24.500885,5489000
2011-08-31,28.920000,28.959999,28.270000,28.480000,24.287682,8210900
2011-09-01,28.500000,28.740000,28.219999,28.260000,24.100071,4844500
2011-09-02,27.719999,28.040001,27.360001,27.430000,23.392244,4801200
2011-09-06,26.670000,27.190001,26.600000,27.100000,23.110826,5458300
2011-09-07,27.520000,28.110001,27.389999,27.920000,23.810120,6593100
2011-09-08,27.750000,28.000000,27.500000,27.549999,23.494579,4984400
2011-09-09,27.299999,27.309999,26.790001,27.110001,23.119354,6942700
2011-09-12,26.650000,27.070000,26.500000,27.020000,23.042601,5757300
2011-09-13,27.030001,27.230000,26.799999,27.100000,23.110826,3840300
2011-09-14,27.160000,27.719999,26.799999,27.410000,23.375189,4638200
2011-09-15,27.670000,28.190001,27.400000,28.190001,24.040371,6079400
2011-09-16,28.549999,28.840000,28.320000,28.620001,24.407078,7235100
2011-09-19,27.980000,28.000000,27.459999,27.809999,23.716312,4907300
2011-09-20,28.040001,28.340000,27.870001,28.030001,23.903921,5119200
2011-09-21,28.150000,28.219999,27.170000,27.180000,23.179050,6142700
2011-09-22,26.320000,26.389999,25.100000,25.410000,21.669598,13314800
2011-09-23,25.190001,25.600000,25.010000,25.190001,21.481976,6938900
2011-09-26,25.530001,25.540001,24.420000,25.530001,21.771935,8126200
2011-09-27,26.219999,26.420000,25.629999,25.770000,21.976604,7680800
2011-09-28,25.709999,25.860001,25.100000,25.110001,21.413763,5438500
2011-09-29,25.549999,25.799999,25.290001,25.770000,21.976604,5720600
2011-09-30,25.420000,25.670000,24.809999,24.809999,21.157915,7309700
2011-10-03,24.620001,25.139999,24.139999,24.160000,20.603598,6155800
2011-10-04,23.879999,24.670000,23.690001,24.610001,20.987356,8800000
2011-10-05,24.670000,25.219999,24.309999,25.170000,21.464922,6094400
2011-10-06,25.090000,25.930000,24.840000,25.910000,22.095995,5233300
2011-10-07,26.080000,26.200001,25.340000,25.450001,21.703712,4853400
2011-10-10,25.950001,26.280001,25.700001,26.010000,22.181276,3586000
2011-10-11,25.879999,26.510000,25.879999,26.360001,22.479757,4205200
2011-10-12,26.580000,27.469999,26.490000,27.080000,23.093769,6195500
2011-10-13,26.940001,27.170000,26.629999,27.110001,23.119354,4500700
2011-10-14,27.360001,27.780001,27.309999,27.750000,23.665140,3459800
2011-10-17,27.459999,27.600000,26.860001,27.020000,23.042601,3957400
2011-10-18,27.000000,28.090000,26.900000,27.910000,23.801590,4502000
2011-10-19,27.770000,27.940001,27.320000,27.420000,23.383722,4059600
2011-10-20,27.549999,27.830000,27.170000,27.770000,23.682198,2836400
2011-10-21,28.049999,28.590000,27.950001,28.590000,24.381493,5085400
2011-10-24,28.820000,29.100000,28.500000,28.940001,24.679972,3950700
2011-10-25,28.750000,28.799999,28.110001,28.150000,24.006262,3894200
2011-10-26,28.480000,29.020000,28.049999,28.900000,24.645861,4192500
2011-10-27,29.450001,30.459999,29.330000,30.200001,25.754499,6923300
2011-10-28,30.010000,30.410000,29.750000,30.340000,25.873888,4304100
2011-10-31,29.700001,29.889999,28.940001,28.940001,24.679972,5967100
2011-11-01,27.549999,28.440001,27.250000,27.740000,23.656618,8077200
2011-11-02,28.299999,28.700001,28.070000,28.540001,24.338856,5101200
2011-11-03,28.780001,29.469999,28.510000,29.370001,25.046677,4927500
2011-11-04,29.080000,29.180000,28.650000,29.049999,24.773779,3722900
2011-11-07,28.820000,29.410000,28.650000,29.389999,25.063732,3867400
2011-11-08,29.510000,29.889999,29.200001,29.850000,25.456024,4493600
2011-11-09,28.980000,29.180000,28.370001,28.520000,24.321795,5098400
2011-11-10,29.049999,29.200001,28.549999,28.879999,24.628805,3640500
2011-11-11,29.299999,29.740000,29.299999,29.690001,25.319569,3624900
2011-11-14,29.490000,29.870001,29.400000,29.780001,25.396324,3876200
2011-11-15,29.459999,29.780001,29.160000,29.639999,25.426348,3435800
2011-11-16,29.290001,29.500000,28.879999,28.940001,24.825863,4603000
2011-11-17,28.850000,29.049999,28.450001,28.709999,24.628553,5630800
2011-11-18,28.950001,29.160000,28.799999,28.900000,24.791548,3435000
2011-11-21,28.450001,28.480000,27.920000,28.290001,24.268265,4977700
2011-11-22,28.309999,28.889999,28.250000,28.410000,24.371204,4628700
2011-11-23,27.990000,28.090000,27.650000,27.790001,23.839340,4260900
2011-11-25,27.719999,28.219999,27.670000,27.900000,23.933710,1552200
2011-11-28,28.780001,28.990000,28.580000,28.900000,24.791548,4786200
2011-11-29,29.000000,29.209999,28.799999,29.059999,24.928799,4043500
2011-11-30,29.959999,30.260000,29.799999,30.120001,25.838110,9203100
2011-12-01,30.170000,30.549999,30.090000,30.219999,25.923891,4526900
2011-12-02,30.490000,30.500000,29.870001,29.990000,25.726589,3662300
2011-12-05,30.120001,30.340000,29.660000,29.959999,25.700851,4194400
2011-12-06,29.910000,30.010000,29.580000,29.600000,25.392035,4557500
2011-12-07,29.379999,29.680000,29.129999,29.549999,25.349140,5439100
2011-12-08,29.320000,29.379999,28.670000,28.740000,24.654289,5097000
2011-12-09,28.840000,29.209999,28.750000,29.120001,24.980268,2974900
2011-12-12,28.809999,28.889999,28.139999,28.340000,24.311159,3787100
2011-12-13,28.410000,28.770000,27.709999,27.840000,23.882238,7499200
2011-12-14,27.639999,27.760000,27.400000,27.430000,23.530525,4249700
2011-12-15,27.790001,28.070000,27.510000,27.959999,23.985178,5100500
2011-12-16,28.290001,28.290001,27.650000,27.700001,23.762136,5950800
2011-12-19,27.760000,27.879999,27.190001,27.270000,23.393269,4226800
2011-12-20,27.700001,28.450001,27.600000,28.350000,24.319733,4430900
2011-12-21,28.280001,28.690001,28.160000,28.670000,24.594244,3148800
2011-12-22,28.680000,28.910000,28.559999,28.700001,24.619976,2990000
2011-12-23,28.799999,29.219999,28.740000,29.059999,24.928799,2421600
2011-12-27,28.990000,29.170000,28.750000,29.040001,24.911640,1782500
2011-12-28,29.090000,29.100000,28.299999,28.370001,24.336891,3212500
2011-12-29,28.400000,28.830000,28.360001,28.740000,24.654289,2361600
2011-12-30,28.750000,28.799999,28.559999,28.600000,24.534197,1904600
2012-01-03,29.190001,29.320000,28.879999,28.889999,24.782965,4012500
2012-01-04,29.030001,29.430000,28.870001,29.370001,25.194733,4231900
2012-01-05,29.139999,29.440001,28.900000,29.240000,25.083212,3324200
2012-01-06,29.160000,29.299999,28.930000,29.070000,24.937376,2364000
2012-01-09,29.100000,29.209999,28.860001,28.910000,24.800123,3117400
2012-01-10,29.100000,29.139999,28.620001,28.780001,24.688602,6716300
2012-01-11,28.670000,29.180000,28.600000,28.930000,24.817276,4250400
2012-01-12,28.930000,29.219999,28.690001,29.139999,24.997425,3683200
2012-01-13,28.940001,29.240000,28.719999,29.170000,25.023163,3978800
2012-01-17,29.500000,29.559999,28.750000,28.780001,24.688602,5995300
2012-01-18,28.750000,29.260000,28.469999,29.219999,25.066051,3660800
2012-01-19,29.250000,29.490000,29.200001,29.420000,25.237619,3456200
2012-01-20,29.400000,30.160000,29.209999,30.040001,25.769480,6570300
2012-01-23,30.020000,30.100000,29.700001,29.889999,25.640806,3895000
2012-01-24,29.730000,29.920000,29.650000,29.820000,25.580759,2836600
2012-01-25,29.660000,30.180000,29.500000,30.080000,25.803795,3199500
2012-01-26,30.230000,30.340000,29.660000,29.840000,25.597916,3405300
2012-01-27,29.790001,30.000000,29.540001,29.820000,25.580759,3163700
2012-01-30,29.540001,29.959999,29.320000,29.709999,25.486393,4468500
2012-01-31,28.840000,29.120001,28.110001,28.629999,24.559929,14159800
2012-02-01,29.260000,29.520000,28.900000,29.190001,25.040318,9887000
2012-02-02,29.379999,29.440001,28.799999,29.170000,25.023163,6283900
2012-02-03,29.440001,29.580000,29.230000,29.549999,25.349140,5363200
2012-02-06,29.330000,29.610001,29.290001,29.600000,25.392035,4598200
2012-02-07,29.580000,29.900000,29.500000,29.799999,25.563597,6637200
2012-02-08,29.889999,30.549999,29.870001,30.420000,26.095457,7500100
2012-02-09,30.520000,31.090000,30.360001,30.750000,26.378546,8287900
2012-02-10,30.270000,30.730000,30.209999,30.570000,26.224134,4778800
2012-02-13,30.730000,31.070000,30.559999,30.930000,26.532957,4755400
2012-02-14,30.730000,31.219999,30.580000,31.150000,26.873735,6622400
2012-02-15,31.209999,31.540001,30.959999,31.040001,26.778831,4342700
2012-02-16,31.180000,31.450001,31.049999,31.230000,26.942755,4943900
2012-02-17,31.480000,31.500000,31.080000,31.350000,27.046276,3414200
2012-02-21,31.309999,31.540001,31.150000,31.370001,27.063532,4622300
2012-02-22,31.209999,31.629999,31.209999,31.549999,27.218824,4551800
2012-02-23,31.559999,31.840000,31.500000,31.740000,27.382740,4143200
2012-02-24,31.809999,32.049999,31.719999,31.959999,27.572533,4567500
2012-02-27,31.790001,31.820000,31.490000,31.709999,27.356855,3951000
2012-02-28,31.600000,31.670000,31.360001,31.580000,27.244698,4452700
2012-02-29,31.610001,31.780001,31.180000,31.200001,26.916868,5289100
2012-03-01,31.410000,31.809999,31.270000,31.520000,27.192940,6182100
2012-03-02,31.570000,31.809999,31.420000,31.639999,27.296465,3551500
2012-03-05,31.459999,31.820000,31.459999,31.650000,27.305090,2971600
2012-03-06,31.180000,31.260000,30.379999,30.389999,26.218063,6585000
2012-03-07,30.430000,31.180000,30.410000,31.049999,26.787462,4915900
2012-03-08,31.299999,31.440001,30.629999,31.110001,26.839228,4173800
2012-03-09,31.100000,31.400000,30.950001,31.129999,26.856478,2679900
2012-03-12,31.209999,31.440001,31.129999,31.330000,27.029026,3293200
2012-03-13,31.450001,32.220001,31.450001,32.160000,27.745083,4516300
2012-03-14,32.139999,32.189999,31.540001,31.650000,27.305090,4268700
2012-03-15,31.770000,31.820000,31.400000,31.820000,27.451757,3237700
2012-03-16,31.740000,31.940001,31.620001,31.799999,27.434498,4986200
2012-03-19,31.760000,31.870001,31.590000,31.690001,27.339609,3436700
2012-03-20,31.490000,31.940001,31.490000,31.870001,27.494894,3473600
2012-03-21,31.809999,32.040001,31.700001,31.930000,27.546658,3102900
2012-03-22,31.700001,31.980000,31.490000,31.740000,27.382740,2735800
2012-03-23,31.049999,31.950001,30.990000,31.860001,27.486263,2989900
2012-03-26,32.090000,32.360001,31.969999,32.040001,27.641552,3393000
2012-03-27,31.959999,32.180000,31.850000,31.870001,27.494894,3135800
2012-03-28,31.799999,31.889999,31.040001,31.270000,26.977262,4796400
2012-03-29,31.100000,31.370001,30.879999,31.260000,26.968634,3823100
2012-03-30,31.490000,31.770000,31.260000,31.660000,27.313723,4037200
2012-04-02,31.670000,32.490002,31.590000,32.330002,27.891745,5001000
2012-04-03,32.150002,32.169998,31.670000,31.980000,27.589790,3920300
2012-04-04,31.629999,31.850000,31.430000,31.430000,27.115295,4552200
2012-04-05,31.320000,31.549999,31.180000,31.320000,27.020395,2923900
2012-04-09,30.910000,30.910000,30.600000,30.840000,26.606285,4040900
2012-04-10,30.820000,31.129999,30.709999,30.820000,26.589031,4431100
2012-04-11,31.200001,31.320000,30.820000,30.990000,26.735701,3039400
2012-04-12,30.959999,31.110001,30.730000,31.100000,26.830597,2657300
2012-04-13,31.000000,31.139999,30.730000,30.750000,26.528643,3613000
2012-04-16,30.940001,31.100000,30.750000,30.790001,26.563152,4016300
2012-04-17,31.000000,31.330000,30.760000,31.200001,26.916868,3671800
2012-04-18,31.010000,31.010000,30.639999,30.930000,26.683937,3751200
2012-04-19,30.889999,30.980000,30.510000,30.680000,26.468254,3151400
2012-04-20,30.750000,30.889999,30.530001,30.709999,26.494133,4887000
2012-04-23,30.420000,30.469999,30.139999,30.420000,26.243950,4638000
2012-04-24,30.480000,31.110001,30.370001,30.940001,26.692564,3784200
2012-04-25,31.180000,31.180000,30.780001,30.889999,26.649422,3065900
2012-04-26,30.740000,31.059999,30.520000,31.030001,26.770208,3727400
2012-04-27,31.170000,31.240000,30.889999,31.080000,26.813345,2624300
2012-04-30,31.080000,31.080000,30.690001,30.830000,26.597660,3895400
2012-05-01,31.340000,33.299999,30.980000,33.020000,28.487024,13240900
2012-05-02,33.080002,33.119999,32.820000,32.950001,28.426624,5341200
2012-05-03,32.959999,33.090000,32.470001,32.560001,28.090160,4013100
2012-05-04,32.400002,32.650002,32.020000,32.250000,27.822725,3399400
2012-05-07,32.000000,32.680000,31.990000,32.590000,28.116047,4192000
2012-05-08,32.470001,33.080002,32.439999,32.980000,28.452509,8868300
2012-05-09,32.639999,33.000000,32.369999,32.660000,28.176439,5292800
2012-05-10,32.990002,33.980000,32.770000,33.500000,28.901119,8794700
2012-05-11,33.130001,33.240002,32.810001,32.849998,28.340361,5187100
2012-05-14,32.610001,33.290001,32.439999,33.049999,28.512899,4699900
2012-05-15,32.759998,33.240002,32.380001,32.470001,28.161638,6040700
2012-05-16,32.610001,32.770000,32.180000,32.299999,28.014194,4095000
2012-05-17,32.310001,32.439999,32.070000,32.209999,27.936136,3981200
2012-05-18,32.270000,32.410000,31.719999,31.820000,27.597885,5334000
2012-05-21,32.020000,32.369999,31.809999,32.169998,27.901440,3621100
2012-05-22,32.209999,32.500000,32.020000,32.160000,27.892771,2888500
2012-05-23,31.879999,32.110001,31.580000,31.920000,27.684616,3769300
2012-05-24,32.020000,32.240002,31.889999,32.099998,27.840734,3507200
2012-05-25,32.250000,32.419998,32.110001,32.250000,27.970831,1840100
2012-05-29,32.410000,32.730000,32.310001,32.500000,28.187651,3024700
2012-05-30,32.299999,32.580002,31.940001,32.150002,27.884094,3114100
2012-05-31,32.150002,32.410000,31.740000,31.879999,27.649921,7240100
2012-06-01,31.350000,31.469999,30.860001,30.920000,26.817305,4595600
2012-06-04,30.889999,31.010000,30.570000,30.879999,26.782610,3881600
2012-06-05,30.660000,31.389999,30.660000,31.309999,27.155556,3556200
2012-06-06,31.500000,32.189999,31.379999,32.169998,27.901440,4059000
2012-06-07,32.570000,32.700001,32.090000,32.130001,27.866749,6542300
2012-06-08,32.099998,32.130001,31.719999,31.850000,27.623905,4181800
2012-06-11,32.060001,32.150002,31.670000,31.690001,27.485136,3339800
2012-06-12,31.830000,32.160000,31.670000,31.930000,27.693287,4987200
2012-06-13,31.870001,31.900000,31.160000,31.260000,27.112185,4865500
2012-06-14,31.320000,31.510000,31.080000,31.260000,27.112185,5233800
2012-06-15,31.340000,31.639999,30.920000,31.450001,27.276981,5925200
2012-06-18,31.240000,31.469999,31.150000,31.290001,27.138206,3731700
2012-06-19,31.420000,31.420000,30.070000,30.150000,26.149469,11431300
2012-06-20,30.219999,30.360001,29.330000,29.879999,25.915297,12311000
2012-06-21,29.910000,29.990000,29.320000,29.379999,25.481644,5947600
2012-06-22,29.430000,29.530001,29.100000,29.280001,25.394913,5571900
2012-06-25,29.040001,29.040001,28.600000,28.790001,24.969931,5017600
2012-06-26,28.780001,29.000000,28.549999,28.629999,24.831156,4786800
2012-06-27,28.600000,29.059999,28.600000,28.870001,25.039310,3965700
2012-06-28,28.719999,29.170000,28.610001,29.139999,25.273489,5057700
2012-06-29,29.570000,29.570000,29.209999,29.520000,25.603071,4365300
2012-07-02,28.950001,29.330000,28.719999,29.040001,25.186758,3706100
2012-07-03,29.070000,29.219999,28.750000,28.990000,25.143391,3285800
2012-07-05,29.020000,29.020000,28.280001,28.500000,24.718407,6988600
2012-07-06,28.260000,28.480000,28.100000,28.389999,24.623007,4282200
2012-07-09,28.120001,28.230000,27.440001,27.549999,23.894464,6519100
2012-07-10,27.580000,27.740000,27.389999,27.570000,23.911806,7811200
2012-07-11,27.670000,27.860001,27.480000,27.660000,23.989866,5551000
2012-07-12,27.320000,27.500000,27.090000,27.309999,23.686308,5710100
2012-07-13,27.270000,27.600000,27.200001,27.389999,23.755688,4220800
2012-07-16,27.240000,27.360001,26.879999,26.910000,23.339378,5766400
2012-07-17,27.000000,27.400000,26.920000,27.250000,23.634268,5877600
2012-07-18,27.129999,27.639999,27.049999,27.600000,23.937822,4345300
2012-07-19,27.639999,27.740000,27.200001,27.290001,23.668961,4320100
2012-07-20,27.139999,27.330000,26.889999,27.000000,23.417440,4975500
2012-07-23,26.540001,26.940001,26.540001,26.870001,23.304686,4020300
2012-07-24,26.830000,26.930000,26.570000,26.690001,23.148575,4438900
2012-07-25,26.809999,26.860001,26.490000,26.709999,23.165916,3679400
2012-07-26,27.040001,27.260000,26.799999,27.180000,23.573557,4391000
2012-07-27,27.330000,27.700001,27.059999,27.540001,23.885788,4181000
2012-07-30,27.600000,27.610001,27.129999,27.490000,23.842422,4466500
2012-07-31,26.049999,26.719999,25.959999,26.090000,22.628185,11745800
2012-08-01,26.190001,26.190001,25.600000,25.680000,22.272585,8951700
2012-08-02,25.440001,25.610001,25.020000,25.129999,21.795565,8136800
2012-08-03,25.350000,25.600000,25.340000,25.540001,22.151161,5562100
2012-08-06,25.639999,25.790001,25.459999,25.629999,22.229219,5108400
2012-08-07,25.700001,25.900000,25.610001,25.709999,22.298603,7077000
2012-08-08,25.680000,26.510000,25.670000,26.480000,22.966434,7676400
2012-08-09,26.469999,26.530001,26.180000,26.469999,22.957760,5507100
2012-08-10,26.379999,26.440001,25.760000,25.940001,22.498091,5770800
2012-08-13,25.959999,26.190001,25.900000,25.930000,22.489414,4240200
2012-08-14,25.930000,25.950001,25.629999,25.820000,22.546173,4161300
2012-08-15,25.760000,26.340000,25.670000,26.250000,22.921652,4705000
2012-08-16,26.230000,26.459999,26.129999,26.320000,22.982769,5912900
2012-08-17,26.330000,26.410000,26.090000,26.170000,22.851795,4589000
2012-08-20,26.150000,26.559999,26.059999,26.510000,23.148684,4647300
2012-08-21,26.570000,26.770000,26.270000,26.320000,22.982769,3967600
2012-08-22,26.320000,26.410000,26.100000,26.270000,22.939117,3619800
2012-08-23,26.250000,26.320000,26.129999,26.209999,22.886723,2981700
2012-08-24,26.190001,26.450001,26.000000,26.379999,23.035170,2942100
2012-08-27,26.379999,26.530001,26.230000,26.420000,23.070095,3252700
2012-08-28,26.360001,26.760000,26.340000,26.370001,23.026432,3775900
2012-08-29,26.500000,26.660000,26.420000,26.580000,23.209806,3087300
2012-08-30,26.410000,26.600000,26.350000,26.530001,23.166147,3360200
2012-08-31,26.629999,27.059999,26.600000,26.750000,23.358248,4528700
2012-09-04,26.799999,26.990000,26.600000,26.879999,23.471771,4759400
2012-09-05,26.940001,26.940001,26.490000,26.629999,23.253466,4541600
2012-09-06,26.830000,27.420000,26.780001,27.360001,23.890907,5351800
2012-09-07,27.379999,27.510000,27.160000,27.290001,23.829784,3299800
2012-09-10,27.299999,27.420000,27.160000,27.240000,23.786121,3954900
2012-09-11,27.350000,27.590000,27.240000,27.330000,23.864716,3895100
2012-09-12,27.420000,27.549999,27.120001,27.190001,23.742462,3115200
2012-09-13,27.160000,27.430000,26.770000,27.389999,23.917105,4962700
2012-09-14,27.400000,27.469999,27.049999,27.190001,23.742462,4300700
2012-09-17,27.209999,27.590000,27.120001,27.200001,23.751202,4301900
2012-09-18,27.150000,27.350000,27.049999,27.230000,23.777393,4389600
2012-09-19,27.230000,27.389999,27.139999,27.170000,23.725000,3819000
2012-09-20,27.059999,27.260000,27.000000,27.020000,23.594015,4304800
2012-09-21,27.040001,27.160000,26.980000,27.030001,23.602755,5822700
2012-09-24,27.129999,27.590000,27.049999,27.510000,24.021891,4694900
2012-09-25,27.549999,27.799999,27.450001,27.660000,24.152870,6765800
2012-09-26,27.620001,27.790001,27.260000,27.480000,23.995691,5633700
2012-09-27,27.580000,27.719999,27.260000,27.559999,24.065548,3929100
2012-09-28,27.540001,27.549999,27.100000,27.180000,23.733732,5505100
2012-10-01,27.309999,27.930000,27.230000,27.770000,24.248919,4866200
2012-10-02,27.900000,27.969999,27.620001,27.879999,24.344978,3025400
2012-10-03,27.950001,28.100000,27.680000,27.959999,24.414831,4792100
2012-10-04,28.010000,28.260000,27.889999,28.150000,24.580744,4111600
2012-10-05,28.209999,28.370001,28.110001,28.209999,24.633133,3481300
2012-10-08,28.209999,28.389999,28.120001,28.320000,24.729187,2401400
2012-10-09,28.250000,28.400000,28.059999,28.299999,24.711718,3549300
2012-10-10,28.219999,28.270000,28.049999,28.090000,24.528347,3250300
2012-10-11,28.200001,28.200001,27.950001,28.030001,24.475960,3979300
2012-10-12,28.020000,28.200001,27.969999,28.049999,24.493422,4591000
2012-10-15,28.110001,28.219999,27.980000,28.100000,24.537085,4584500
2012-10-16,28.200001,28.790001,28.180000,28.730000,25.087202,4941600
2012-10-17,28.820000,29.139999,28.780001,29.100000,25.410292,4180100
2012-10-18,29.030001,29.230000,28.950001,29.070000,25.384090,5604300
2012-10-19,29.000000,29.070000,28.370001,28.520000,24.903826,7170000
2012-10-22,28.350000,28.570000,27.780001,28.040001,24.484690,5375100
2012-10-23,27.740000,27.850000,27.180000,27.290001,23.829784,7036500
2012-10-24,27.340000,27.709999,26.900000,26.930000,23.515430,4768800
2012-10-25,27.120001,27.230000,26.900000,26.990000,23.567827,4194200
2012-10-26,27.030001,27.180000,26.900000,27.049999,23.620214,5832100
2012-10-31,27.240000,27.700001,26.520000,26.840000,23.436844,8203000
2012-11-01,26.980000,27.280001,26.719999,27.100000,23.663877,5603300
2012-11-02,27.250000,27.340000,26.799999,26.850000,23.445574,4970100
2012-11-05,26.780001,26.840000,26.490000,26.600000,23.227270,7927300
2012-11-06,26.620001,26.790001,26.480000,26.629999,23.253466,7120100
2012-11-07,26.410000,26.459999,25.879999,26.000000,22.703348,7810900
2012-11-08,26.040001,26.250000,25.469999,25.469999,22.240547,7041300
2012-11-09,25.350000,25.660000,25.280001,25.389999,22.170692,9131400
2012-11-12,25.370001,25.469999,25.250000,25.260000,22.057175,5965900
2012-11-13,25.080000,25.290001,24.879999,24.889999,21.885714,6483900
2012-11-14,25.040001,25.040001,24.490000,24.530001,21.569170,6617800
2012-11-15,24.500000,24.740000,24.379999,24.480000,21.525204,5722700
2012-11-16,24.610001,24.990000,24.510000,24.959999,21.947264,7027900
2012-11-19,25.209999,25.610001,25.049999,25.549999,22.466053,7043200
2012-11-20,25.790001,26.370001,25.719999,26.340000,23.160698,7988700
2012-11-21,26.340000,26.430000,26.110001,26.389999,23.204660,3673900
2012-11-23,26.520000,26.740000,26.360001,26.740000,23.512415,2457400
2012-11-26,26.629999,26.719999,26.490000,26.709999,23.486034,3678500
2012-11-27,26.549999,26.889999,26.430000,26.430000,23.239830,4371400
2012-11-28,26.320000,26.610001,26.209999,26.600000,23.389313,4381100
2012-11-29,26.570000,26.790001,26.490000,26.760000,23.530001,3519500
2012-11-30,26.830000,26.889999,26.540001,26.700001,23.477242,4457900
2012-12-03,26.780001,26.900000,26.680000,26.790001,23.556379,4177000
2012-12-04,26.760000,26.900000,26.620001,26.709999,23.486034,4384800
2012-12-05,26.760000,27.080000,26.680000,26.719999,23.494823,4908600
2012-12-06,26.820000,26.830000,26.370001,26.719999,23.494823,5951500
2012-12-07,26.809999,27.200001,26.680000,27.180000,23.899303,4585900
2012-12-10,27.120001,27.219999,26.900000,26.969999,23.714649,3264600
2012-12-11,27.000000,27.299999,26.900000,27.170000,23.890511,4253600
2012-12-12,27.270000,27.430000,27.160000,27.219999,23.934481,4473100
2012-12-13,27.219999,27.360001,27.070000,27.150000,23.872927,4842000
2012-12-14,27.080000,27.190001,27.020000,27.090000,23.820166,5162500
2012-12-17,27.049999,27.450001,27.049999,27.389999,24.083958,4816200
2012-12-18,27.410000,28.100000,27.280001,28.080000,24.690672,7218000
2012-12-19,28.070000,28.120001,27.840000,27.889999,24.523605,5450600
2012-12-20,28.020000,28.040001,27.850000,28.030001,24.646709,4269800
2012-12-21,27.840000,27.870001,27.459999,27.780001,24.426882,5884600
2012-12-24,27.680000,28.020000,27.590000,27.740000,24.391712,1429000
2012-12-26,27.719999,27.790001,27.440001,27.469999,24.154293,3795700
2012-12-27,27.440001,27.559999,27.260000,27.490000,24.171886,5024100
2012-12-28,27.350000,27.549999,27.049999,27.059999,23.793791,4319300
2012-12-31,27.000000,27.400000,26.900000,27.389999,24.083958,4589000
2013-01-02,28.139999,28.680000,28.049999,28.670000,25.209459,6677100
2013-01-03,28.760000,28.760000,28.299999,28.440001,25.007219,3970700
2013-01-04,28.500000,29.290001,28.459999,29.219999,25.693073,5842400
2013-01-07,29.100000,29.100000,27.930000,28.010000,24.629124,8339200
2013-01-08,27.930000,28.360001,27.900000,28.340000,24.919291,3880400
2013-01-09,28.410000,28.680000,28.129999,28.480000,25.042391,3831000
2013-01-10,28.570000,28.620001,28.260000,28.340000,24.919291,3469900
2013-01-11,28.379999,28.389999,28.000000,28.340000,24.919291,2874100
2013-01-14,28.350000,28.600000,28.209999,28.559999,25.112736,2463700
2013-01-15,28.379999,28.450001,28.180000,28.420000,24.989635,3031400
2013-01-16,28.330000,28.450001,28.200001,28.389999,24.963253,2594000
2013-01-17,28.520000,28.920000,28.450001,28.780001,25.306179,3913800
2013-01-18,28.840000,28.840000,28.410000,28.639999,25.183075,2959600
2013-01-22,28.650000,29.110001,28.639999,29.110001,25.596354,3957400
2013-01-23,28.940001,29.100000,28.629999,28.660000,25.200665,2113100
2013-01-24,28.690001,29.080000,28.690001,29.030001,25.526003,3201600
2013-01-25,29.080000,29.190001,28.680000,28.969999,25.473246,3000100
2013-01-28,28.930000,28.930000,28.190001,28.639999,25.183075,4184900
2013-01-29,28.650000,28.830000,28.430000,28.620001,25.165499,4451600
2013-01-30,28.740000,28.940001,28.500000,28.690001,25.227045,5410200
2013-01-31,28.620001,28.790001,28.440001,28.530001,25.086357,5417500
2013-02-01,28.799999,28.969999,28.459999,28.670000,25.209459,4740500
2013-02-04,28.580000,28.639999,28.309999,28.440001,25.007219,8153100
2013-02-05,29.139999,29.920000,28.879999,29.379999,25.833755,8805100
2013-02-06,29.350000,30.450001,29.270000,30.370001,26.704268,8367700
2013-02-07,30.309999,30.840000,30.100000,30.280001,26.625132,7516500
2013-02-08,30.309999,30.480000,30.160000,30.219999,26.572369,4789500
2013-02-11,30.260000,30.450001,30.129999,30.280001,26.625132,4418500
2013-02-12,30.219999,30.830000,30.080000,30.809999,27.091152,5532200
2013-02-13,30.910000,31.160000,30.660000,31.160000,27.398909,6750000
2013-02-14,31.030001,31.540001,30.959999,31.400000,27.609940,7251700
2013-02-15,31.719999,32.570000,31.719999,32.570000,28.813068,15806000
2013-02-19,32.580002,33.099998,32.509998,33.080002,29.264238,7385600
2013-02-20,33.090000,33.090000,32.430000,32.500000,28.751144,7775100
2013-02-21,32.320000,32.430000,31.980000,32.110001,28.406126,6469200
2013-02-22,32.400002,32.459999,32.040001,32.099998,28.397282,4840700
2013-02-25,32.279999,32.430000,31.700001,31.700001,28.043421,5623500
2013-02-26,31.660000,31.879999,31.209999,31.830000,28.158422,4872100
2013-02-27,31.820000,32.099998,31.620001,32.000000,28.308815,4741000
2013-02-28,32.049999,32.160000,31.860001,31.860001,28.184961,5557100
2013-03-01,31.700001,31.990000,31.389999,31.969999,28.282274,3819700
2013-03-04,31.910000,32.119999,31.709999,32.020000,28.326508,3913500
2013-03-05,32.139999,32.369999,32.060001,32.209999,28.494585,4107800
2013-03-06,32.240002,32.410000,32.160000,32.320000,28.591906,3860000
2013-03-07,32.450001,32.619999,32.320000,32.570000,28.813068,3024900
2013-03-08,32.480000,32.770000,32.380001,32.540001,28.786526,4465000
2013-03-11,32.410000,32.660000,32.230000,32.459999,28.715752,2967300
2013-03-12,32.410000,32.689999,32.299999,32.560001,28.804220,3665200
2013-03-13,32.549999,32.950001,32.430000,32.930000,29.131542,4842700
2013-03-14,32.990002,32.990002,32.779999,32.910000,29.113842,3648400
2013-03-15,32.799999,33.009998,32.599998,33.000000,29.193464,6440700
2013-03-18,32.720001,33.000000,32.549999,32.689999,28.919216,3063800
2013-03-19,32.750000,32.900002,32.520000,32.700001,28.928066,3608600
2013-03-20,32.869999,33.130001,32.820000,33.009998,29.202307,2792900
2013-03-21,32.860001,32.970001,32.490002,32.610001,28.848455,2467600
2013-03-22,32.650002,32.820000,32.619999,32.779999,28.998842,2102800
2013-03-25,32.919998,33.000000,32.500000,32.570000,28.813068,2736500
2013-03-26,32.709999,32.950001,32.680000,32.830002,29.043077,2210400
2013-03-27,32.650002,32.980000,32.570000,32.970001,29.166922,3384400
2013-03-28,32.930000,33.770000,32.869999,33.730000,29.839256,5931400
2013-04-01,33.730000,33.799999,33.259998,33.689999,29.803875,3459100
2013-04-02,33.750000,34.279999,33.610001,34.110001,30.175430,6904500
2013-04-03,34.049999,34.099998,33.070000,33.230000,29.396933,6548600
2013-04-04,33.220001,33.590000,33.099998,33.590000,29.715405,4015600
2013-04-05,33.200001,33.250000,32.840000,33.169998,29.343851,3286100
2013-04-08,33.090000,33.320000,32.980000,33.320000,29.476551,2741300
2013-04-09,33.250000,33.250000,32.369999,32.730000,28.954611,6125100
2013-04-10,32.790001,33.220001,32.619999,33.169998,29.343851,4021300
2013-04-11,33.110001,33.200001,32.869999,32.980000,29.175772,3258400
2013-04-12,32.889999,33.099998,32.450001,32.639999,28.874989,5495400
2013-04-15,32.480000,32.599998,31.500000,31.520000,27.884180,6941700
2013-04-16,31.620001,32.270000,31.510000,32.180000,28.468052,4225800
2013-04-17,31.900000,32.160000,31.520000,32.070000,28.370743,5081900
2013-04-18,32.070000,32.169998,31.690001,31.910000,28.229193,4427700
2013-04-19,32.009998,32.270000,31.950001,32.180000,28.468052,6101900
2013-04-22,32.160000,32.310001,31.900000,32.220001,28.503435,3328600
2013-04-23,32.330002,32.560001,32.029999,32.549999,28.795376,3805400
2013-04-24,32.610001,32.830002,32.349998,32.389999,28.653828,3087300
2013-04-25,32.619999,33.230000,32.360001,33.180000,29.352701,4985400
2013-04-26,33.400002,33.869999,33.240002,33.470001,29.609247,5770800
2013-04-29,33.549999,34.189999,33.509998,34.029999,30.104658,5169900
2013-04-30,34.000000,34.029999,33.650002,33.939999,30.025036,4525200
2013-05-01,33.790001,33.990002,33.509998,33.580002,29.706560,5317000
2013-05-02,32.849998,33.910000,32.730000,33.599998,29.724251,6101200
2013-05-03,33.830002,34.240002,33.650002,34.200001,30.255049,4003600
2013-05-06,34.110001,34.160000,33.700001,33.880001,29.971964,2848200
2013-05-07,34.009998,34.340000,33.790001,34.340000,30.378899,3360900
2013-05-08,34.230000,34.400002,33.910000,34.400002,30.431978,3440500
2013-05-09,34.340000,34.490002,33.860001,33.910000,29.998501,3798600
2013-05-10,33.860001,34.180000,33.810001,34.060001,30.131197,3583100
2013-05-13,34.049999,34.110001,33.740002,33.990002,30.069265,3472800
2013-05-14,33.740002,34.090000,33.139999,34.060001,30.300571,3793000
2013-05-15,33.970001,34.849998,33.880001,34.709999,30.878826,5330700
2013-05-16,34.380001,34.580002,34.020000,34.160000,30.389534,5008500
2013-05-17,34.200001,35.040001,34.020000,35.000000,31.136816,6264700
2013-05-20,34.950001,35.000000,34.340000,34.400002,30.603046,4734200
2013-05-21,34.299999,34.810001,34.189999,34.709999,30.878826,3629400
2013-05-22,34.680000,35.009998,34.040001,34.139999,30.371740,5340100
2013-05-23,33.700001,34.270000,33.580002,34.160000,30.389534,3128300
2013-05-24,34.060001,34.119999,33.770000,33.880001,30.140434,2112800
2013-05-28,34.169998,34.310001,33.980000,34.139999,30.371740,3162500
2013-05-29,33.990002,34.000000,33.279999,33.430000,29.740105,4338600
2013-05-30,33.529999,33.610001,33.270000,33.310001,29.633352,2616200
2013-05-31,33.130001,33.139999,32.230000,32.230000,28.672560,5417900
2013-06-03,32.310001,32.709999,31.900000,32.650002,29.046202,3802200
2013-06-04,32.689999,33.150002,32.619999,33.000000,29.357567,3409200
2013-06-05,32.910000,32.939999,32.470001,32.599998,29.001726,3527600
2013-06-06,32.709999,32.730000,32.220001,32.650002,29.046202,2514400
2013-06-07,32.980000,33.270000,32.709999,32.910000,29.277500,2991300
2013-06-10,33.029999,33.240002,32.759998,33.099998,29.446529,2865400
2013-06-11,32.799999,33.270000,32.660000,33.119999,29.464323,3364400
2013-06-12,33.340000,33.490002,32.720001,32.889999,29.259710,3774300
2013-06-13,32.860001,33.470001,32.599998,33.389999,29.704527,2912000
2013-06-14,33.310001,33.689999,33.020000,33.080002,29.428736,2263300
2013-06-17,33.230000,33.500000,33.029999,33.270000,29.597773,2386300
2013-06-18,33.230000,33.869999,33.230000,33.830002,30.095959,2767200
2013-06-19,33.860001,34.110001,33.240002,33.259998,29.588871,4253300
2013-06-20,32.990002,33.130001,32.599998,32.610001,29.010616,3802400
2013-06-21,33.009998,33.490002,32.770000,33.090000,29.437641,6273000
2013-06-24,32.750000,33.330002,32.599998,32.930000,29.295300,3022700
2013-06-25,33.320000,33.320000,32.849998,33.169998,29.508806,3167000
2013-06-26,33.419998,33.730000,33.290001,33.580002,29.873556,4000000
2013-06-27,33.790001,34.029999,33.650002,33.709999,29.989202,2144700
2013-06-28,33.570000,34.220001,33.500000,33.910000,30.167124,4589000
2013-07-01,34.110001,34.689999,34.110001,34.349998,30.558559,3644300
2013-07-02,34.369999,35.160000,34.320000,34.869999,31.021166,3928700
2013-07-03,34.570000,34.810001,34.500000,34.810001,30.967787,1516200
2013-07-05,34.900002,35.000000,34.540001,34.880001,31.030064,2012600
2013-07-08,34.880001,35.400002,34.779999,35.360001,31.457071,2850500
2013-07-09,35.470001,35.939999,35.470001,35.720001,31.777349,4771500
2013-07-10,35.740002,35.990002,35.560001,35.900002,31.937485,2168500
2013-07-11,36.139999,36.270000,35.910000,36.189999,32.195473,3390400
2013-07-12,36.169998,36.349998,36.049999,36.310001,32.302223,2038500
2013-07-15,36.330002,36.369999,36.110001,36.220001,32.222157,2290300
2013-07-16,36.110001,36.189999,35.570000,35.709999,31.768448,4179700
2013-07-17,35.779999,36.080002,35.520000,35.689999,31.750648,2174600
2013-07-18,35.689999,35.950001,35.580002,35.790001,31.839626,2148600
2013-07-19,36.189999,36.799999,35.959999,36.680000,32.631382,4532900
2013-07-22,36.700001,36.730000,36.040001,36.169998,32.177677,3318200
2013-07-23,36.080002,36.650002,35.959999,36.560001,32.524635,3120100
2013-07-24,36.630001,36.630001,36.020000,36.070000,32.088715,2545000
2013-07-25,36.110001,36.740002,35.830002,36.639999,32.595806,3242800
2013-07-26,36.400002,36.700001,36.240002,36.669998,32.622482,1800300
2013-07-29,36.529999,36.849998,36.340000,36.360001,32.346706,2475500
2013-07-30,36.330002,36.639999,35.980000,36.020000,32.044239,3311700
2013-07-31,36.200001,36.700001,35.980000,36.470001,32.444576,4299500
2013-08-01,36.720001,37.189999,36.650002,37.180000,33.076199,3601100
2013-08-02,37.029999,37.570000,36.820000,37.570000,33.423145,3680400
2013-08-05,37.470001,37.889999,37.220001,37.860001,33.681141,5637500
2013-08-06,36.860001,38.180000,36.380001,37.889999,33.707821,6807800
2013-08-07,37.750000,37.980000,37.330002,37.759998,33.592182,3236300
2013-08-08,37.970001,38.389999,37.860001,38.299999,34.072575,4012200
2013-08-09,38.200001,38.480000,38.049999,38.380001,34.143742,2761000
2013-08-12,38.240002,38.590000,37.950001,38.560001,34.303879,3614500
2013-08-13,38.520000,38.639999,38.310001,38.630001,34.366150,3530500
2013-08-14,38.580002,38.810001,38.349998,38.540001,34.286076,3738500
2013-08-15,38.200001,38.360001,36.939999,37.029999,32.942753,5150500
2013-08-16,36.939999,37.330002,36.880001,37.250000,33.138466,3435000
2013-08-19,37.009998,37.130001,36.540001,36.580002,32.542416,3185500
2013-08-20,36.470001,36.779999,36.310001,36.590000,32.721268,2744100
2013-08-21,36.610001,36.730000,36.259998,36.299999,32.461933,3114700
2013-08-22,36.389999,36.509998,35.910000,36.070000,32.256256,2995000
2013-08-23,36.189999,36.349998,35.750000,36.279999,32.444050,3013100
2013-08-26,36.200001,36.230000,34.349998,34.500000,30.852253,8166200
2013-08-27,34.240002,34.880001,34.209999,34.630001,30.968506,4280400
2013-08-28,34.500000,34.880001,34.389999,34.599998,30.941681,3794200
2013-08-29,34.529999,35.090000,34.380001,34.810001,31.129482,3722300
2013-08-30,34.959999,35.410000,34.820000,35.209999,31.487186,5383400
2013-09-03,35.430000,35.660000,35.299999,35.400002,31.657099,3656300
2013-09-04,35.660000,36.279999,35.439999,36.099998,32.283085,4733800
2013-09-05,36.020000,36.310001,36.020000,36.189999,32.363564,2515400
2013-09-06,36.230000,36.290001,35.700001,35.790001,32.005859,2462000
2013-09-09,35.820000,36.270000,35.820000,36.110001,32.292019,2474000
2013-09-10,36.209999,36.400002,35.889999,36.080002,32.265194,2396000
2013-09-11,36.110001,36.230000,35.840000,36.130001,32.309906,2215100
2013-09-12,36.110001,36.209999,35.630001,35.990002,32.184708,3281200
2013-09-13,36.119999,36.230000,35.910000,36.220001,32.390396,2111300
2013-09-16,36.580002,36.869999,36.549999,36.750000,32.864353,2620000
2013-09-17,36.790001,37.220001,36.750000,37.160000,33.231010,3894200
2013-09-18,37.090000,37.189999,36.560001,37.110001,33.186298,3399700
2013-09-19,37.090000,37.200001,36.830002,37.060001,33.141590,2255400
2013-09-20,37.049999,37.410000,36.970001,37.240002,33.302555,5427200
2013-09-23,37.070000,37.090000,36.610001,36.630001,32.757053,2820900
2013-09-24,36.610001,37.080002,36.549999,36.770000,32.882240,3802200
2013-09-25,36.810001,36.959999,36.599998,36.669998,32.792812,2348800
2013-09-26,36.709999,37.020000,36.650002,36.810001,32.918015,2667200
2013-09-27,36.630001,37.180000,36.380001,37.119999,33.195240,3736100
2013-09-30,37.000000,37.020000,36.450001,36.840000,32.944847,3589900
2013-10-01,36.799999,36.939999,36.490002,36.849998,32.953777,2216700
2013-10-02,36.770000,37.180000,36.299999,37.180000,33.248898,4924800
2013-10-03,37.040001,37.130001,36.500000,36.750000,32.864353,3317200
2013-10-04,36.779999,36.869999,36.529999,36.700001,32.819645,2400500
2013-10-07,36.439999,36.740002,36.220001,36.419998,32.569244,2157200
2013-10-08,36.380001,36.599998,36.119999,36.189999,32.363564,3977300
2013-10-09,36.299999,36.660000,36.180000,36.330002,32.488770,3440600
2013-10-10,36.720001,37.200001,36.009998,37.070000,33.150520,6645100
2013-10-11,36.970001,36.970001,36.330002,36.590000,32.721268,3716900
2013-10-14,36.480000,37.070000,36.439999,36.970001,33.061100,3070700
2013-10-15,36.830002,37.110001,36.630001,36.820000,32.926956,2946000
2013-10-16,37.070000,37.709999,36.910000,37.520000,33.552940,3243300
2013-10-17,37.400002,37.990002,37.189999,37.900002,33.892765,2505500
2013-10-18,37.950001,38.189999,37.830002,38.020000,34.000076,4059000
2013-10-21,38.340000,38.840000,38.250000,38.660000,34.572407,4833600
2013-10-22,38.669998,39.590000,38.630001,39.490002,35.314655,5173600
2013-10-23,39.250000,39.500000,39.009998,39.270000,35.117908,3535500
2013-10-24,39.270000,39.389999,39.000000,39.180000,35.037434,2388800
2013-10-25,39.259998,39.959999,39.180000,39.930000,35.708130,6536900
2013-10-28,39.770000,40.250000,39.660000,39.840000,35.627644,5309500
2013-10-29,39.439999,41.740002,39.009998,40.730000,36.423550,8442600
2013-10-30,40.720001,41.200001,40.169998,41.000000,36.664997,4622100
2013-10-31,41.080002,41.360001,40.509998,40.900002,36.575569,6332900
2013-11-01,41.029999,41.080002,40.509998,40.900002,36.575569,4924200
2013-11-04,41.009998,41.220001,40.770000,40.869999,36.548748,4576000
2013-11-05,40.830002,42.139999,40.759998,41.980000,37.541370,8208500
2013-11-06,41.919998,41.959999,41.610001,41.759998,37.344639,4606800
2013-11-07,41.779999,41.860001,41.139999,41.230000,36.870678,5913700
2013-11-08,41.220001,41.500000,40.930000,41.439999,37.058475,5956500
2013-11-11,41.490002,41.619999,41.070000,41.139999,36.790195,4431300
2013-11-12,40.779999,40.820000,40.060001,40.419998,36.314030,6355600
2013-11-13,40.340000,41.430000,40.330002,41.430000,37.221439,5633800
2013-11-14,41.290001,42.099998,41.290001,42.000000,37.733536,6484300
2013-11-15,42.090000,42.090000,40.400002,40.560001,36.439816,9885000
2013-11-18,40.209999,41.240002,40.209999,40.939999,36.781212,5336000
2013-11-19,40.220001,41.410000,40.220001,40.970001,36.808163,4633200
2013-11-20,40.959999,41.000000,39.869999,39.900002,35.846855,5797500
2013-11-21,40.099998,41.439999,40.070000,41.150002,36.969883,6584000
2013-11-22,41.119999,41.869999,40.990002,41.860001,37.607758,4162300
2013-11-25,41.869999,41.880001,41.279999,41.349998,37.149563,3387700
2013-11-26,41.490002,41.889999,41.380001,41.599998,37.374168,3222700
2013-11-27,41.680000,41.849998,41.270000,41.490002,37.275345,2285400
2013-11-29,40.900002,41.240002,40.150002,40.250000,36.161304,3635800
2013-12-02,40.330002,41.220001,40.189999,40.849998,36.700356,4706100
2013-12-03,40.820000,41.139999,40.570000,41.099998,36.924961,3566000
2013-12-04,40.889999,41.919998,40.750000,41.730000,37.490963,4734200
2013-12-05,41.700001,41.720001,41.200001,41.470001,37.257370,3366400
2013-12-06,41.869999,42.099998,41.520000,41.939999,37.679630,3080200
2013-12-09,41.930000,42.500000,41.750000,42.480000,38.164772,4286700
2013-12-10,42.349998,42.509998,41.630001,42.360001,38.056973,4608800
2013-12-11,42.349998,42.349998,41.630001,41.709999,37.472992,4101700
2013-12-12,41.709999,41.720001,40.490002,40.590000,36.466778,5148200
2013-12-13,40.639999,40.689999,40.150002,40.340000,36.242161,3998700
2013-12-16,40.439999,41.380001,40.349998,40.660000,36.529652,6404700
2013-12-17,40.750000,41.610001,40.720001,41.480000,37.266361,5928100
2013-12-18,41.669998,43.160000,41.439999,43.139999,38.757736,7328500
2013-12-19,43.020000,43.830002,42.770000,43.790001,39.341705,6515400
2013-12-20,43.820000,43.939999,43.189999,43.360001,38.955395,7136300
2013-12-23,43.540001,43.759998,42.860001,43.040001,38.667892,3777300
2013-12-24,43.160000,43.490002,43.070000,43.270000,38.874531,1083900
2013-12-26,43.320000,43.799999,43.240002,43.650002,39.215935,2370600
2013-12-27,43.660000,43.959999,43.509998,43.759998,39.314758,2516700
2013-12-30,43.900002,43.990002,43.430000,43.689999,39.251869,2454500
2013-12-31,43.770000,43.910000,43.240002,43.400002,38.991325,2203500
2014-01-02,43.220001,43.290001,42.790001,42.990002,38.622974,2753700
2014-01-03,43.099998,43.380001,42.880001,43.189999,38.802654,2275500
2014-01-06,43.419998,43.580002,43.119999,43.279999,38.883503,4182900
2014-01-07,43.369999,43.369999,42.410000,42.849998,38.497192,4542500
2014-01-08,42.759998,42.869999,42.209999,42.360001,38.056973,4462200
2014-01-09,42.509998,42.560001,41.660000,42.160000,37.877285,4444300
2014-01-10,42.410000,42.560001,41.930000,41.980000,37.715565,5537300
2014-01-13,42.009998,42.099998,41.439999,41.529999,37.311279,6368800
2014-01-14,41.730000,42.389999,41.570000,42.330002,38.030018,7294000
2014-01-15,42.430000,42.820000,42.099998,42.450001,38.137829,4656000
2014-01-16,42.509998,42.630001,41.230000,41.250000,37.059727,7134200
2014-01-17,41.299999,41.430000,40.939999,41.009998,36.844097,6667200
2014-01-21,41.279999,41.490002,41.009998,41.369999,37.167534,4209100
2014-01-22,41.509998,42.349998,41.439999,42.250000,37.958145,5183200
2014-01-23,41.910000,42.009998,40.820000,40.840000,36.691364,5519500
2014-01-24,40.599998,40.840000,39.529999,39.570000,35.550377,5738000
2014-01-27,39.880001,40.169998,39.279999,39.360001,35.361710,5665800
2014-01-28,39.470001,40.139999,39.430000,40.070000,35.999588,4097000
2014-01-29,39.619999,39.849998,38.959999,39.220001,35.235935,5240800
2014-01-30,39.590000,39.689999,39.169998,39.509998,35.496475,3987000
2014-01-31,39.090000,39.730000,39.020000,39.480000,35.469521,4334000
2014-02-03,39.279999,39.820000,38.770000,38.910000,34.957424,7878300
2014-02-04,39.810001,39.840000,38.060001,38.230000,34.346497,7340600
2014-02-05,38.750000,38.830002,37.919998,38.660000,34.732819,8798900
2014-02-06,38.820000,39.259998,38.740002,39.110001,35.137115,5759000
2014-02-07,39.599998,39.980000,39.150002,39.889999,35.837868,6597500
2014-02-10,39.810001,40.250000,39.509998,40.110001,36.035526,6795700
2014-02-11,40.119999,40.549999,39.759998,40.529999,36.412857,6508400
2014-02-12,40.430000,40.830002,40.279999,40.650002,36.520676,7035400
2014-02-13,40.500000,40.900002,40.220001,40.669998,36.538631,3070900
2014-02-14,40.709999,40.970001,40.509998,40.779999,36.637466,3791300
2014-02-18,40.660000,40.910000,40.470001,40.529999,36.628429,4295900
2014-02-19,40.500000,40.529999,39.889999,39.950001,36.104259,4449300
2014-02-20,39.950001,40.259998,39.860001,40.119999,36.257885,3709600
2014-02-21,40.110001,40.169998,39.779999,39.990002,36.140408,3919600
2014-02-24,40.099998,40.669998,39.990002,40.160000,36.294048,3499000
2014-02-25,40.250000,40.750000,40.150002,40.389999,36.501904,3407200
2014-02-26,40.490002,40.669998,40.279999,40.389999,36.501904,2649300
2014-02-27,40.320000,40.540001,39.790001,39.889999,36.050030,5100100
2014-02-28,39.900002,40.799999,39.869999,40.599998,36.691689,4379800
2014-03-03,40.139999,40.189999,39.529999,39.880001,36.041008,5021600
2014-03-04,40.290001,40.930000,40.290001,40.700001,36.782070,3666300
2014-03-05,40.660000,40.880001,40.369999,40.669998,36.754955,2790700
2014-03-06,40.700001,41.099998,40.599998,40.939999,36.998959,3845100
2014-03-07,41.139999,41.540001,40.990002,41.330002,37.351418,3008400
2014-03-10,41.610001,42.450001,41.610001,42.450001,38.363605,5695100
2014-03-11,42.520000,42.770000,42.320000,42.450001,38.363605,4258500
2014-03-12,42.139999,43.180000,42.090000,42.930000,38.797401,5485300
2014-03-13,43.029999,43.209999,42.380001,42.400002,38.318409,3983900
2014-03-14,42.259998,42.709999,42.189999,42.509998,38.417824,3792400
2014-03-17,42.779999,43.080002,42.439999,42.560001,38.463013,4392500
2014-03-18,42.689999,43.000000,42.509998,42.930000,38.797401,2202200
2014-03-19,42.930000,43.220001,42.310001,42.660000,38.553387,3514300
2014-03-20,42.580002,42.790001,42.279999,42.700001,38.589539,2430300
2014-03-21,43.080002,43.090000,42.430000,42.669998,38.562424,8359100
2014-03-24,42.820000,42.990002,42.180000,42.299999,38.228043,2586800
2014-03-25,42.540001,42.639999,42.220001,42.410000,38.327454,3605800
2014-03-26,42.480000,43.049999,42.430000,42.700001,38.589539,3909400
2014-03-27,42.799999,43.160000,42.610001,43.099998,38.951031,3247200
2014-03-28,43.279999,43.599998,42.939999,43.209999,39.050438,2773300
2014-03-31,43.240002,43.570000,43.070000,43.389999,39.213120,3295000
2014-04-01,43.419998,43.740002,43.220001,43.430000,39.249268,3014200
2014-04-02,42.619999,43.520000,41.720001,43.430000,39.249268,3279100
2014-04-03,43.470001,43.580002,42.830002,43.150002,38.996223,4171500
2014-04-04,43.590000,43.660000,43.029999,43.049999,38.905846,4416000
2014-04-07,43.029999,43.750000,43.020000,43.599998,39.402897,4277000
2014-04-08,43.540001,43.799999,43.169998,43.529999,39.339634,4164200
2014-04-09,43.560001,44.459999,43.360001,44.380001,40.107815,4604900
2014-04-10,44.450001,44.740002,44.040001,44.169998,39.918022,5185200
2014-04-11,44.259998,44.450001,44.080002,44.410000,40.134922,5346500
2014-04-14,44.549999,44.810001,44.360001,44.689999,40.387966,4174900
2014-04-15,44.709999,44.730000,43.869999,44.270000,40.008404,4402000
2014-04-16,44.540001,45.020000,44.439999,45.020000,40.686199,2761700
2014-04-17,44.860001,45.340000,44.799999,45.040001,40.704277,4119900
2014-04-21,45.020000,45.400002,44.820000,44.889999,40.568718,2221300
2014-04-22,44.849998,44.950001,44.560001,44.610001,40.315681,2594100
2014-04-23,44.680000,44.959999,44.680000,44.730000,40.424118,2640200
2014-04-24,44.820000,44.930000,44.459999,44.630001,40.333744,2124000
2014-04-25,44.599998,44.720001,44.240002,44.419998,40.143959,2286900
2014-04-28,44.599998,44.630001,44.060001,44.380001,40.107815,4317500
2014-04-29,43.119999,43.639999,42.660000,43.230000,39.068512,7794600
2014-04-30,43.169998,43.889999,42.950001,43.730000,39.520390,5913800
2014-05-01,43.740002,43.779999,43.180000,43.240002,39.077560,3122100
2014-05-02,43.310001,43.759998,43.040001,43.549999,39.357708,3059500
2014-05-05,43.299999,43.520000,43.020000,43.410000,39.231194,2288300
2014-05-06,43.240002,43.389999,43.020000,43.139999,38.987179,3461700
2014-05-07,43.169998,44.340000,43.169998,44.270000,40.008404,4257100
2014-05-08,44.180000,44.520000,43.869999,44.070000,39.827656,3364500
2014-05-09,44.090000,44.520000,44.090000,44.389999,40.116848,2209400
2014-05-12,44.599998,44.740002,44.340000,44.669998,40.369892,2405200
2014-05-13,44.439999,44.660000,44.259998,44.310001,40.260860,2285200
2014-05-14,44.330002,44.400002,43.830002,43.849998,39.842896,2218800
2014-05-15,43.799999,43.880001,43.430000,43.529999,39.552135,2654000
2014-05-16,43.529999,43.880001,43.490002,43.820000,39.815636,1935700
2014-05-19,43.820000,43.959999,43.689999,43.889999,39.879246,2018400
2014-05-20,43.849998,43.889999,43.169998,43.330002,39.370415,2167700
2014-05-21,43.410000,43.900002,43.410000,43.860001,39.851986,2293800
2014-05-22,42.930000,44.020000,42.900002,43.650002,39.661182,1657200
2014-05-23,43.700001,43.869999,43.380001,43.560001,39.579399,2034400
2014-05-27,43.650002,44.360001,43.619999,44.320000,40.269951,2400300
2014-05-28,44.320000,44.549999,44.209999,44.290001,40.242695,1851400
2014-05-29,44.389999,44.689999,44.349998,44.639999,40.560699,1727300
2014-05-30,44.560001,44.980000,44.560001,44.939999,40.833294,2011300
2014-06-02,44.889999,45.049999,44.759998,44.849998,40.751514,2295300
2014-06-03,44.730000,44.939999,44.290001,44.349998,40.297211,2483000
2014-06-04,44.369999,44.540001,44.130001,44.310001,40.260860,2287700
2014-06-05,44.310001,45.000000,44.220001,44.970001,40.860554,2506400
2014-06-06,44.830002,45.369999,44.830002,45.180000,41.051361,2460100
2014-06-09,45.009998,45.290001,45.000000,45.139999,41.015015,1872500
2014-06-10,44.950001,45.180000,44.740002,45.139999,41.015015,2077900
2014-06-11,44.840000,45.000000,44.619999,44.660000,40.578884,2230100
2014-06-12,44.540001,44.650002,43.410000,43.470001,39.497627,3651300
2014-06-13,43.529999,43.880001,43.430000,43.840000,39.833817,2274400
2014-06-16,43.759998,44.320000,43.680000,44.220001,40.179092,2667800
2014-06-17,44.310001,44.520000,44.099998,44.410000,40.351723,2311200
2014-06-18,44.250000,44.500000,43.720001,44.430000,40.369896,3327000
2014-06-19,44.540001,45.209999,44.340000,45.119999,40.996849,3026300
2014-06-20,45.209999,45.380001,44.770000,44.869999,40.769688,3058700
2014-06-23,44.980000,45.160000,44.820000,44.980000,40.869637,2032600
2014-06-24,44.860001,44.919998,44.230000,44.279999,40.233601,2156200
2014-06-25,44.139999,44.320000,43.799999,43.889999,39.879246,2431500
2014-06-26,43.889999,44.110001,43.740002,43.930000,39.915581,1833600
2014-06-27,43.810001,43.950001,43.509998,43.820000,39.815636,2734200
2014-06-30,43.770000,44.330002,43.689999,44.110001,40.079144,4049600
2014-07-01,44.290001,44.939999,44.150002,44.849998,40.751514,2765200
2014-07-02,44.930000,45.349998,44.810001,45.320000,41.178570,2638200
2014-07-03,45.349998,45.950001,45.290001,45.770000,41.587452,3146700
2014-07-07,45.259998,46.720001,45.259998,46.500000,42.250736,4669900
2014-07-08,46.540001,46.650002,45.939999,45.939999,41.741909,6029500
2014-07-09,46.000000,46.599998,45.959999,46.150002,41.932724,3883800
2014-07-10,45.740002,47.500000,45.680000,47.349998,43.023064,5795200
2014-07-11,47.150002,48.040001,46.840000,47.849998,43.477367,4814900
2014-07-14,48.060001,48.330002,47.900002,48.070000,43.677261,3462900
2014-07-15,47.959999,48.220001,47.490002,47.540001,43.195698,4049300
2014-07-16,47.869999,47.970001,47.680000,47.759998,43.395596,2747500
2014-07-17,47.750000,47.900002,47.310001,47.320000,42.995808,2564800
2014-07-18,47.490002,48.200001,47.430000,48.099998,43.704533,2395000
2014-07-21,47.880001,48.200001,47.750000,48.080002,43.686356,2357900
2014-07-22,48.060001,48.380001,47.939999,48.200001,43.795387,2598900
2014-07-23,48.180000,48.389999,48.090000,48.290001,43.877163,2250600
2014-07-24,48.360001,48.840000,48.349998,48.430000,44.004375,2213500
2014-07-25,48.290001,48.490002,47.889999,48.119999,43.722694,2040300
2014-07-28,48.230000,48.400002,47.959999,48.070000,43.677261,1882900
2014-07-29,48.080002,48.299999,47.540001,47.570000,43.222961,2460300
2014-07-30,47.680000,47.849998,46.599998,46.740002,42.468811,4206300
2014-07-31,46.480000,46.860001,46.189999,46.400002,42.159874,3677400
2014-08-01,46.330002,46.750000,46.119999,46.570000,42.314339,3256300
2014-08-04,46.680000,47.049999,46.529999,46.950001,42.659611,2858200
2014-08-05,48.389999,49.169998,48.189999,48.560001,44.122490,6292800
2014-08-06,48.209999,49.150002,48.209999,48.639999,44.195183,4574200
2014-08-07,48.770000,48.950001,48.430000,48.520000,44.086143,2308100
2014-08-08,48.700001,49.090000,48.389999,49.040001,44.558632,2627500
2014-08-11,49.209999,50.000000,49.180000,49.810001,45.258255,2980800
2014-08-12,49.700001,49.900002,49.380001,49.639999,45.103794,2787000
2014-08-13,49.669998,50.240002,49.570000,50.040001,45.467247,3189900
2014-08-14,50.099998,50.150002,49.830002,49.970001,45.403641,2034200
2014-08-15,50.090000,50.299999,49.560001,49.740002,45.194668,3038200
2014-08-18,49.860001,50.009998,49.709999,49.790001,45.240089,2269800
2014-08-19,49.560001,49.939999,49.529999,49.689999,45.367916,2184100
2014-08-20,49.689999,49.889999,49.529999,49.799999,45.468349,1678800
2014-08-21,49.849998,49.939999,49.490002,49.570000,45.258347,1898200
2014-08-22,49.680000,49.790001,49.060001,49.139999,44.865746,1895900
2014-08-25,49.349998,49.599998,49.250000,49.459999,45.157913,1371900
2014-08-26,49.500000,49.660000,49.029999,49.200001,44.920532,2120300
2014-08-27,49.369999,49.759998,49.310001,49.580002,45.267483,2132600
2014-08-28,49.490002,49.900002,49.410000,49.750000,45.422688,1830000
2014-08-29,49.759998,49.919998,49.639999,49.860001,45.523129,2009700
2014-09-02,49.980000,50.560001,49.709999,50.060001,45.705727,3554500
2014-09-03,50.320000,50.410000,49.509998,49.930000,45.587032,3214300
2014-09-04,49.919998,50.290001,49.810001,50.200001,45.833549,3258300
2014-09-05,50.060001,50.369999,49.970001,50.360001,45.979637,2660900
2014-09-08,50.290001,50.570000,50.259998,50.529999,46.134846,1930800
2014-09-09,50.529999,50.590000,50.310001,50.459999,46.070934,2722200
2014-09-10,50.500000,50.709999,50.380001,50.669998,46.262665,1878100
2014-09-11,50.619999,50.939999,50.520000,50.919998,46.490921,2940100
2014-09-12,50.840000,50.840000,50.189999,50.410000,46.025291,2087700
2014-09-15,50.450001,50.580002,50.320000,50.560001,46.162235,1630700
2014-09-16,50.439999,51.410000,50.400002,51.259998,46.801350,2388500
2014-09-17,51.169998,51.389999,50.869999,51.200001,46.746571,2165800
2014-09-18,51.299999,52.360001,51.250000,52.060001,47.531773,3509400
2014-09-19,52.320000,52.320000,51.689999,51.689999,47.193947,3592900
2014-09-22,51.560001,51.799999,51.220001,51.459999,46.983959,2017300
2014-09-23,51.200001,51.310001,50.750000,50.770000,46.353973,1828100
2014-09-24,50.790001,51.540001,50.790001,51.459999,46.983959,1756300
2014-09-25,51.340000,51.340000,50.400002,50.480000,46.089195,2087700
2014-09-26,50.580002,51.040001,50.380001,50.869999,46.445274,1681400
2014-09-29,50.490002,51.459999,50.480000,51.299999,46.837875,2144100
2014-09-30,51.250000,51.389999,50.990002,51.099998,46.655266,1956200
2014-10-01,51.169998,51.320000,50.380001,50.400002,46.016159,4005600
2014-10-02,50.500000,51.090000,50.430000,50.529999,46.134846,2719000
2014-10-03,50.720001,51.299999,50.470001,51.110001,46.664402,3701200
2014-10-06,51.200001,51.250000,50.430000,50.590000,46.189632,3065300
2014-10-07,50.400002,50.669998,49.529999,49.570000,45.258347,5138700
2014-10-08,49.500000,49.650002,47.080002,48.020000,43.843174,12130100
2014-10-09,47.889999,48.160000,47.060001,47.130001,43.030590,6596600
2014-10-10,47.080002,47.419998,46.139999,46.360001,42.327560,5243000
2014-10-13,46.360001,46.459999,44.689999,44.759998,40.866726,5230300
2014-10-14,44.869999,45.040001,43.000000,43.080002,39.332859,8969400
2014-10-15,42.310001,43.119999,41.630001,42.980000,39.241554,8480600
2014-10-16,42.529999,43.470001,42.369999,43.169998,39.415028,4996100
2014-10-17,43.669998,44.990002,43.410000,44.500000,40.629345,6526100
2014-10-20,44.450001,45.610001,44.419998,45.400002,41.451061,4476400
2014-10-21,45.610001,45.970001,45.480000,45.700001,41.724960,3397900
2014-10-22,45.840000,46.230000,45.689999,45.759998,41.779743,2982500
2014-10-23,46.270000,46.540001,45.410000,45.540001,41.578888,2949900
2014-10-24,45.580002,45.779999,45.180000,45.580002,41.615402,2213700
2014-10-27,45.509998,45.509998,44.419998,44.619999,40.738907,3594200
2014-10-28,44.980000,45.730000,44.810001,45.689999,41.715832,3114900
2014-10-29,45.770000,46.200001,45.439999,45.820000,41.834526,2588600
2014-10-30,45.730000,46.619999,45.619999,46.580002,42.528427,2983100
2014-10-31,47.000000,47.259998,46.669998,47.000000,42.911888,3010500
2014-11-03,47.240002,47.599998,47.049999,47.250000,43.140141,3445200
2014-11-04,49.049999,49.750000,48.599998,49.540001,45.230961,5273600
2014-11-05,50.450001,50.520000,49.849998,50.310001,45.933994,4307000
2014-11-06,50.349998,50.660000,49.939999,49.970001,45.623554,3388400
2014-11-07,49.889999,50.669998,49.889999,50.549999,46.153107,2311500
2014-11-10,50.689999,50.779999,50.369999,50.770000,46.353973,2058900
2014-11-11,50.910000,51.380001,50.810001,51.119999,46.673519,2019900
2014-11-12,50.980000,51.000000,50.459999,50.709999,46.299191,2241900
2014-11-13,51.000000,51.160000,50.330002,50.810001,46.390491,2555500
2014-11-14,50.919998,51.360001,50.779999,51.349998,46.883522,2735800
2014-11-17,51.259998,52.150002,51.150002,51.990002,47.467861,2893900
2014-11-18,51.910000,52.250000,51.779999,52.009998,47.706341,2484500
2014-11-19,52.000000,52.279999,51.790001,52.220001,47.898968,2031600
2014-11-20,51.939999,52.630001,51.820000,52.570000,48.220005,2226300
2014-11-21,53.060001,53.540001,52.410000,52.709999,48.348419,3666000
2014-11-24,52.740002,53.330002,52.610001,52.950001,48.568558,2709600
2014-11-25,52.860001,53.330002,52.619999,52.930000,48.550213,2929900
2014-11-26,53.029999,53.369999,52.930000,53.180000,48.779526,1875600
2014-11-28,53.380001,53.410000,52.660000,52.680000,48.320900,3007600
2014-12-01,52.660000,52.930000,51.869999,52.459999,48.119102,4437600
2014-12-02,52.740002,53.610001,52.740002,53.310001,48.898769,4839100
2014-12-03,53.330002,53.790001,53.200001,53.709999,49.265678,4796000
2014-12-04,53.270000,53.910000,52.549999,52.779999,48.412628,3945200
2014-12-05,52.750000,53.270000,52.680000,53.250000,48.843731,3746500
2014-12-08,53.299999,53.520000,52.320000,52.459999,48.119102,4513300
2014-12-09,52.290001,53.380001,51.889999,53.040001,48.651115,4444800
2014-12-10,52.720001,52.939999,51.139999,51.270000,47.027573,4358800
2014-12-11,51.500000,52.060001,50.700001,50.900002,46.688198,4036500
2014-12-12,50.459999,51.090000,49.810001,49.849998,45.725071,3865200
2014-12-15,50.110001,50.459999,49.419998,49.830002,45.706730,3497900
2014-12-16,50.049999,50.759998,49.279999,49.320000,45.238930,3738700
2014-12-17,49.389999,50.080002,49.189999,49.639999,45.532448,4852200
2014-12-18,50.250000,51.209999,50.220001,51.160000,46.926674,4828600
2014-12-19,51.410000,52.779999,51.299999,52.240002,47.917309,7178700
2014-12-22,52.400002,52.900002,52.130001,52.720001,48.357586,3237000
2014-12-23,52.889999,53.689999,52.529999,53.169998,48.770348,4082700
2014-12-24,53.160000,53.549999,53.090000,53.110001,48.715324,1724600
2014-12-26,53.090000,53.639999,53.029999,53.419998,48.999668,1322400
2014-12-29,53.250000,53.500000,52.849998,53.130001,48.733665,1749700
2014-12-30,53.150002,53.389999,52.680000,52.889999,48.513527,2227500
2014-12-31,52.900002,52.950001,51.869999,52.000000,47.697166,2595200
2015-01-02,52.200001,52.599998,51.590000,52.020000,47.715519,2039800
2015-01-05,51.450001,51.680000,49.980000,50.220001,46.064461,3828000
2015-01-06,50.459999,50.490002,48.939999,49.230000,45.156380,4855700
2015-01-07,49.700001,50.259998,49.619999,49.970001,45.835148,2849500
2015-01-08,49.290001,49.599998,48.540001,49.240002,45.165546,7469600
2015-01-09,49.470001,49.689999,48.799999,48.820000,44.780300,3679400
2015-01-12,49.000000,49.000000,47.980000,48.209999,44.220779,3871600
2015-01-13,48.330002,49.080002,47.869999,48.279999,44.284981,4433200
2015-01-14,47.669998,48.090000,46.849998,47.450001,43.523670,4244700
2015-01-15,47.450001,47.770000,46.849998,47.209999,43.303532,4258600
2015-01-16,47.099998,47.759998,46.900002,47.680000,43.734631,3151300
2015-01-20,47.189999,47.470001,46.570000,47.200001,43.294357,5343600
2015-01-21,47.099998,48.040001,46.910000,47.700001,43.752975,3987500
2015-01-22,47.990002,48.470001,47.529999,48.080002,44.101547,4548000
2015-01-23,47.910000,48.299999,47.560001,47.869999,43.908909,2979100
2015-01-26,47.680000,48.520000,47.500000,48.290001,44.294159,3147300
2015-01-27,47.959999,48.650002,47.750000,48.279999,44.284981,3217400
2015-01-28,48.299999,48.599998,47.419998,47.490002,43.560352,3277900
2015-01-29,47.570000,48.040001,46.889999,47.919998,43.954773,3678900
2015-01-30,47.630001,47.860001,46.560001,46.630001,42.771515,5406700
2015-02-02,46.790001,48.200001,46.720001,48.169998,44.184090,6479500
2015-02-03,47.360001,48.900002,46.209999,48.759998,44.725269,7092500
2015-02-04,48.400002,48.400002,45.869999,46.150002,42.331242,9231200
2015-02-05,46.549999,48.720001,46.549999,48.680000,44.651882,7981700
2015-02-06,48.700001,48.810001,47.459999,47.560001,43.624561,3605300
2015-02-09,47.419998,47.759998,47.230000,47.380001,43.459454,4626100
2015-02-10,47.910000,47.910000,47.209999,47.580002,43.642914,3481400
2015-02-11,47.230000,47.459999,46.369999,46.919998,43.037521,3692100
2015-02-12,46.799999,47.619999,46.750000,47.439999,43.775723,4750100
2015-02-13,47.340000,48.240002,47.340000,48.099998,44.384754,4074700
2015-02-17,48.139999,48.169998,47.419998,47.770000,44.080238,3611700
2015-02-18,47.669998,48.099998,47.540001,47.709999,44.024872,2668600
2015-02-19,47.500000,48.099998,47.410000,47.779999,44.089466,2351100
2015-02-20,47.720001,48.200001,47.020000,48.150002,44.430893,2704200
2015-02-23,48.250000,48.349998,47.950001,48.259998,44.532398,1974000
2015-02-24,48.209999,48.799999,48.000000,48.650002,44.892273,2418800
2015-02-25,48.590000,48.790001,47.919998,48.099998,44.384754,2965500
2015-02-26,48.279999,48.290001,47.400002,47.549999,43.877235,2940900
2015-02-27,47.490002,48.130001,47.490002,47.880001,44.181751,2863400
2015-03-02,47.880001,47.889999,47.020000,47.849998,44.154057,3705000
2015-03-03,47.520000,47.700001,47.020000,47.520000,43.849552,3369300
2015-03-04,47.369999,47.430000,46.730000,47.080002,43.443535,3276200
2015-03-05,47.299999,47.540001,46.630001,47.480000,43.812649,4734800
2015-03-06,47.000000,47.230000,46.090000,46.250000,42.677647,3878000
2015-03-09,46.209999,46.599998,45.759998,46.389999,42.806831,2408900
2015-03-10,45.919998,46.209999,45.450001,45.520000,42.004028,3297700
2015-03-11,45.680000,45.779999,45.150002,45.500000,41.985573,3322000
2015-03-12,45.799999,46.709999,45.799999,46.639999,43.037521,3547400
2015-03-13,46.419998,46.509998,45.639999,46.299999,42.723785,2831700
2015-03-16,46.360001,46.560001,45.910000,46.490002,42.899105,2911800
2015-03-17,46.299999,46.450001,45.840000,46.250000,42.677647,2940700
2015-03-18,46.220001,47.400002,45.740002,47.169998,43.526577,4289600
2015-03-19,47.049999,47.110001,46.060001,46.490002,42.899105,2922700
2015-03-20,46.689999,47.509998,46.529999,46.950001,43.323578,6713700
2015-03-23,47.070000,47.720001,47.070000,47.130001,43.489674,3639800
2015-03-24,47.200001,47.619999,46.959999,46.959999,43.332809,3167400
2015-03-25,47.160000,47.590000,46.680000,46.709999,43.102108,3547600
2015-03-26,46.570000,47.049999,46.279999,46.299999,42.723785,3803200
2015-03-27,46.279999,46.639999,46.169998,46.459999,42.871426,2830700
2015-03-30,46.759998,47.619999,46.560001,47.419998,43.757275,2775100
2015-03-31,47.060001,47.610001,46.990002,47.400002,43.738819,4968000
2015-04-01,47.450001,47.700001,47.230000,47.430000,43.766510,5536900
2015-04-02,47.470001,48.340000,47.340000,47.349998,43.692677,5836000
2015-04-06,47.360001,48.549999,47.340000,48.330002,44.596989,3385200
2015-04-07,48.389999,48.639999,48.139999,48.160000,44.440117,2477300
2015-04-08,48.189999,48.650002,48.049999,48.330002,44.596989,2996100
2015-04-09,48.169998,48.279999,47.709999,47.900002,44.200199,4275000
2015-04-10,47.970001,48.330002,47.689999,47.959999,44.255566,3262800
2015-04-13,47.900002,48.389999,47.830002,47.880001,44.181751,2691100
2015-04-14,47.950001,48.230000,47.599998,48.009998,44.301697,2141200
2015-04-15,48.279999,48.490002,47.959999,48.400002,44.661579,4036400
2015-04-16,48.189999,48.480000,48.099998,48.299999,44.569302,4242300
2015-04-17,47.849998,48.299999,47.820000,48.279999,44.550850,3741300
2015-04-20,48.349998,48.750000,48.270000,48.299999,44.569302,1919700
2015-04-21,48.320000,48.529999,47.910000,47.939999,44.237110,2321900
2015-04-22,47.930000,48.240002,47.689999,48.099998,44.384754,2069200
2015-04-23,47.930000,48.540001,47.849998,48.270000,44.541618,2298000
2015-04-24,48.389999,48.590000,48.099998,48.209999,44.486256,2774400
2015-04-27,48.349998,48.750000,48.299999,48.610001,44.855362,2488800
2015-04-28,48.450001,48.810001,48.320000,48.779999,45.012226,2278200
2015-04-29,48.689999,49.150002,48.439999,48.950001,45.169098,3186300
2015-04-30,48.880001,49.430000,48.660000,48.880001,45.104511,4257600
2015-05-01,48.910000,49.930000,48.910000,49.779999,45.934990,5681200
2015-05-04,49.779999,50.490002,49.779999,50.320000,46.433281,3786800
2015-05-05,50.419998,50.759998,49.770000,50.349998,46.460960,4622900
2015-05-06,50.450001,50.459999,49.340000,49.939999,46.082630,4389000
2015-05-07,50.139999,50.820000,49.790001,50.320000,46.433281,4169900
2015-05-08,50.790001,51.380001,50.779999,51.250000,47.291443,2793300
2015-05-11,51.090000,51.709999,51.000000,51.599998,47.614410,4158900
2015-05-12,51.250000,52.369999,51.130001,51.919998,47.909695,4873900
2015-05-13,52.160000,52.740002,51.770000,52.160000,48.131153,4037100
2015-05-14,52.509998,52.970001,52.310001,52.880001,48.795544,2964700
2015-05-15,52.790001,53.160000,52.529999,53.040001,48.943188,2304400
2015-05-18,52.799999,53.250000,52.669998,53.130001,49.026230,3097300
2015-05-19,52.880001,52.910000,52.209999,52.520000,48.720112,2739900
2015-05-20,52.529999,52.889999,52.410000,52.430000,48.636612,2703400
2015-05-21,52.330002,53.070000,52.290001,52.919998,49.091164,2991100
2015-05-22,52.770000,52.930000,52.389999,52.669998,48.859249,1838500
2015-05-26,52.590000,52.590000,52.070000,52.150002,48.376881,3018000
2015-05-27,52.160000,53.230000,52.049999,53.169998,49.323078,4035400
2015-05-28,53.000000,53.009998,52.369999,52.660000,48.849983,2119900
2015-05-29,52.810001,53.259998,52.599998,52.849998,49.026226,5425800
2015-06-01,52.889999,53.310001,52.430000,53.029999,49.193207,3343100
2015-06-02,52.939999,53.020000,52.549999,52.759998,48.942741,2386400
2015-06-03,52.930000,52.930000,52.209999,52.459999,48.664448,2567200
2015-06-04,52.049999,52.230000,51.310001,51.389999,47.671867,4997300
2015-06-05,51.270000,51.389999,50.820000,51.009998,47.319355,3496900
2015-06-08,51.150002,51.549999,50.810001,51.009998,47.319355,2704400
2015-06-09,51.090000,51.470001,50.990002,51.009998,47.319355,2761300
2015-06-10,51.070000,52.250000,51.070000,52.209999,48.432537,3022800
2015-06-11,52.169998,52.689999,52.000000,52.060001,48.293400,2827500
2015-06-12,51.790001,51.970001,51.580002,51.910000,48.154236,2290000
2015-06-15,51.419998,51.560001,51.119999,51.270000,47.560543,2869900
2015-06-16,51.340000,51.599998,51.279999,51.450001,47.727520,2369300
2015-06-17,51.040001,51.790001,50.259998,50.939999,47.254421,4589000
2015-06-18,51.169998,51.650002,51.169998,51.369999,47.653313,3275000
2015-06-19,51.250000,51.669998,51.250000,51.500000,47.773907,4952900
2015-06-22,51.730000,52.029999,51.619999,51.990002,48.228458,2576500
2015-06-23,52.189999,52.419998,51.849998,52.000000,48.237732,2500400
2015-06-24,51.910000,52.009998,51.419998,51.450001,47.727520,2314800
2015-06-25,51.619999,51.619999,50.660000,50.700001,47.031796,2570700
2015-06-26,50.639999,50.990002,49.529999,49.570000,45.983551,5016800
2015-06-29,49.340000,49.669998,48.430000,48.450001,44.944576,4376200
2015-06-30,48.869999,49.189999,48.189999,48.220001,44.731216,5618100
2015-07-01,48.709999,48.889999,48.380001,48.639999,45.120831,3319900
2015-07-02,48.820000,49.009998,48.340000,48.650002,45.130112,3063000
2015-07-06,48.160000,48.599998,47.830002,48.090000,44.610626,4228600
2015-07-07,48.110001,48.320000,46.730000,48.139999,44.657009,6457700
2015-07-08,47.970001,48.130001,47.459999,47.509998,44.072590,4080800
2015-07-09,47.750000,48.040001,46.930000,47.090000,43.682980,6045000
2015-07-10,47.720001,47.770000,47.130001,47.209999,43.794292,3146000
2015-07-13,47.549999,47.740002,47.340000,47.500000,44.063313,2209700
2015-07-14,47.500000,47.860001,47.430000,47.790001,44.332329,2569300
2015-07-15,47.770000,47.840000,47.220001,47.459999,44.026207,2447700
2015-07-16,47.860001,48.009998,47.619999,47.849998,44.387993,2663300
2015-07-17,47.700001,48.049999,47.310001,48.020000,44.545692,4244100
2015-07-20,48.040001,48.259998,47.759998,48.040001,44.564243,4088000
2015-07-21,47.980000,48.110001,47.330002,47.490002,44.054035,2744500
2015-07-22,47.439999,47.910000,47.430000,47.680000,44.230286,2697300
2015-07-23,47.700001,48.380001,47.700001,48.020000,44.545692,2618500
2015-07-24,47.900002,47.990002,47.049999,47.189999,43.775734,2528800
2015-07-27,46.930000,47.290001,46.810001,47.259998,43.840672,2743000
2015-07-28,47.410000,48.389999,47.200001,48.349998,44.851814,3955800
2015-07-29,47.930000,48.270000,47.830002,48.130001,44.647732,4254400
2015-07-30,47.709999,47.900002,47.320000,47.820000,44.360165,3660700
2015-07-31,48.110001,48.220001,47.360001,47.419998,43.989094,3959000
2015-08-03,47.419998,48.150002,47.400002,47.700001,44.248840,4280700
2015-08-04,47.529999,49.500000,47.279999,48.410000,44.907475,5119500
2015-08-05,48.720001,48.740002,47.689999,48.220001,44.731216,4586100
2015-08-06,48.400002,48.470001,47.450001,47.950001,44.480759,3281800
2015-08-07,47.770000,47.849998,46.299999,46.419998,43.061455,3996600
2015-08-10,46.700001,46.869999,46.299999,46.529999,43.163494,4121600
2015-08-11,46.200001,46.259998,45.590000,46.070000,42.736771,4083900
2015-08-12,45.689999,46.939999,45.389999,46.889999,43.497444,5142200
2015-08-13,46.880001,47.779999,46.840000,47.509998,44.072590,4254400
2015-08-14,47.230000,47.430000,47.049999,47.200001,43.785019,3107500
2015-08-17,46.480000,47.590000,46.240002,47.509998,44.335598,4228700
2015-08-18,47.310001,48.169998,47.279999,47.680000,44.494240,3695900
2015-08-19,47.400002,47.500000,46.590000,46.720001,43.598381,3619900
2015-08-20,46.230000,46.750000,46.110001,46.200001,43.113132,3348800
2015-08-21,45.840000,46.240002,45.090000,45.119999,42.105278,4987400
2015-08-24,42.840000,44.549999,42.529999,43.549999,40.640186,7160200
2015-08-25,44.389999,44.560001,42.980000,43.009998,40.136265,5854900
2015-08-26,43.900002,44.110001,43.119999,43.990002,41.050789,4454000
2015-08-27,44.270000,45.169998,44.090000,44.830002,41.834667,4738300
2015-08-28,44.680000,45.009998,44.380001,44.650002,41.666691,4256600
2015-08-31,44.450001,45.060001,44.250000,44.990002,41.983974,4048600
2015-09-01,43.980000,44.180000,43.110001,43.340000,40.444214,4912000
2015-09-02,43.930000,43.970001,43.180000,43.619999,40.705509,3242900
2015-09-03,43.869999,44.419998,43.639999,43.750000,40.826820,3680600
2015-09-04,43.349998,43.459999,42.650002,42.900002,40.033615,3059000
2015-09-08,43.709999,43.740002,43.169998,43.700001,40.780159,3062100
2015-09-09,44.160000,44.330002,42.919998,42.990002,40.117603,3121500
2015-09-10,42.820000,43.480000,42.709999,43.060001,40.182922,2901000
2015-09-11,42.980000,43.049999,42.549999,42.820000,39.958961,3410900
2015-09-14,42.900002,43.060001,42.750000,42.930000,40.061619,3205800
2015-09-15,43.209999,43.639999,42.860001,43.470001,40.565533,3808200
2015-09-16,43.660000,44.220001,43.410000,44.189999,41.237427,2990300
2015-09-17,44.180000,44.900002,44.020000,44.250000,41.293411,3718300
2015-09-18,43.459999,43.990002,43.150002,43.230000,40.341568,6148400
2015-09-21,43.500000,43.759998,43.230000,43.380001,40.481544,3159900
2015-09-22,42.799999,42.840000,42.160000,42.450001,39.613689,2775200
2015-09-23,42.410000,42.549999,41.930000,42.060001,39.249741,2725400
2015-09-24,41.860001,42.259998,41.310001,42.020000,39.212414,4725200
2015-09-25,42.500000,43.040001,42.270000,42.500000,39.660336,3433800
2015-09-28,42.139999,42.310001,41.000000,41.090000,38.344555,4273400
2015-09-29,41.200001,41.259998,40.660000,41.020000,38.279232,4655500
2015-09-30,41.490002,41.770000,41.220001,41.450001,38.680500,4687800
2015-10-01,41.689999,41.950001,41.060001,41.459999,38.689831,3802300
2015-10-02,41.060001,42.439999,40.919998,42.419998,39.585682,3009300
2015-10-05,42.700001,43.709999,42.700001,43.639999,40.724167,3634300
2015-10-06,43.549999,43.790001,43.290001,43.639999,40.724167,3224900
2015-10-07,43.910000,44.820000,43.709999,44.310001,41.349411,3837300
2015-10-08,44.279999,45.209999,44.040001,45.130001,42.114616,3152600
2015-10-09,45.070000,45.529999,45.029999,45.419998,42.385239,3062900
2015-10-12,45.330002,45.520000,45.150002,45.439999,42.403908,2013000
2015-10-13,45.169998,45.500000,44.849998,44.919998,41.918648,2630400
2015-10-14,44.849998,45.410000,44.660000,44.959999,41.955978,2024100
2015-10-15,45.180000,45.560001,44.939999,45.560001,42.515888,2557500
2015-10-16,45.650002,45.980000,45.250000,45.959999,42.889160,3236300
2015-10-19,45.820000,46.049999,45.599998,45.970001,42.898495,2767100
2015-10-20,45.810001,45.980000,45.509998,45.700001,42.646538,2665200
2015-10-21,45.740002,45.830002,45.250000,45.290001,42.263927,2686100
2015-10-22,45.509998,46.889999,45.459999,46.700001,43.579720,3118900
2015-10-23,46.930000,46.980000,46.500000,46.889999,43.757019,2490000
2015-10-26,46.810001,46.889999,46.310001,46.389999,43.290428,1792900
2015-10-27,46.209999,46.410000,45.730000,46.240002,43.150455,2506500
2015-10-28,46.169998,47.029999,46.130001,46.799999,43.673031,2086100
2015-10-29,46.639999,46.730000,45.459999,45.529999,42.487888,4270000
2015-10-30,45.650002,46.090000,45.450001,45.660000,42.609203,3566000
2015-11-02,45.810001,46.290001,45.049999,46.279999,43.187775,2975300
2015-11-03,43.330002,43.639999,41.740002,43.150002,40.266914,11417800
2015-11-04,43.060001,43.169998,42.340000,43.020000,40.145603,7006800
2015-11-05,42.950001,43.209999,42.430000,43.070000,40.192253,5405600
2015-11-06,42.790001,43.049999,41.970001,42.130001,39.315063,5716800
2015-11-09,41.889999,42.029999,41.250000,41.520000,38.745823,5039400
2015-11-10,41.299999,41.639999,40.560001,40.630001,37.915291,4419400
2015-11-11,40.840000,40.840000,40.259998,40.509998,37.803299,3649500
2015-11-12,40.220001,40.299999,38.490002,38.509998,35.936932,8312200
2015-11-13,38.410000,38.860001,37.689999,37.759998,35.237045,6556000
2015-11-16,37.590000,38.419998,37.549999,38.240002,35.951572,4626400
2015-11-17,38.340000,38.400002,37.139999,37.200001,34.973801,4767500
2015-11-18,37.419998,37.680000,37.009998,37.410000,35.171238,7977500
2015-11-19,37.410000,37.529999,36.279999,36.430000,34.249874,5944700
2015-11-20,36.529999,36.820000,35.599998,35.830002,33.685795,9058200
2015-11-23,35.810001,37.029999,35.750000,36.720001,34.522533,6839800
2015-11-24,36.470001,36.590000,35.709999,36.040001,33.883224,7754700
2015-11-25,36.009998,36.750000,35.980000,36.470001,34.287491,5281800
2015-11-27,36.430000,36.570000,36.259998,36.459999,34.278084,2339600
2015-11-30,36.529999,36.619999,36.099998,36.490002,34.306293,6508100
2015-12-01,36.799999,37.020000,36.439999,36.700001,34.503731,7012600
2015-12-02,36.599998,36.869999,36.450001,36.520000,34.334503,6258000
2015-12-03,36.480000,36.740002,35.410000,35.610001,33.478958,9034500
2015-12-04,35.669998,36.139999,35.599998,35.970001,33.817413,4936400
2015-12-07,35.970001,36.020000,35.220001,35.410000,33.290920,4294300
2015-12-08,35.160000,35.610001,34.880001,35.270000,33.159302,4722900
2015-12-09,35.009998,36.020000,35.000000,35.410000,33.290920,5050700
2015-12-10,35.410000,35.689999,35.040001,35.090000,32.990078,5403300
2015-12-11,35.090000,35.090000,34.110001,34.220001,32.172138,4814600
2015-12-14,34.189999,34.509998,33.840000,34.180000,32.134533,4497600
2015-12-15,34.439999,35.099998,34.400002,34.860001,32.773838,4820000
2015-12-16,34.919998,35.459999,34.540001,35.400002,33.281525,5298900
2015-12-17,35.330002,35.450001,34.270000,34.290001,32.237946,4872300
2015-12-18,34.119999,35.130001,33.939999,35.000000,32.905468,12373700
2015-12-21,35.230000,35.740002,35.049999,35.310001,33.196907,4587900
2015-12-22,35.470001,36.590000,35.419998,36.410000,34.231083,5663300
2015-12-23,36.650002,37.169998,36.340000,36.680000,34.484917,4924500
2015-12-24,36.680000,36.880001,36.470001,36.650002,34.456718,1251000
2015-12-28,36.660000,36.730000,36.090000,36.500000,34.315693,2336600
2015-12-29,36.590000,37.150002,36.570000,37.090000,34.870388,2694600
2015-12-30,37.000000,37.169998,36.770000,36.880001,34.672955,2380400
2015-12-31,36.639999,36.900002,36.450001,36.680000,34.484917,2668100
2016-01-04,36.110001,36.150002,35.400002,35.840000,33.695187,4040800
2016-01-05,35.820000,36.270000,35.410000,36.240002,34.071255,3863200
2016-01-06,35.720001,35.830002,35.250000,35.360001,33.243916,6072600
2016-01-07,34.910000,35.090000,34.330002,34.520000,32.454189,4820500
2016-01-08,34.759998,35.099998,34.310001,34.389999,32.331966,4130700
2016-01-11,34.540001,34.730000,33.939999,34.160000,32.115726,5646600
2016-01-12,34.560001,34.660000,33.770000,34.270000,32.219143,3445700
2016-01-13,34.340000,34.549999,33.419998,33.470001,31.467024,4468100
2016-01-14,33.419998,33.669998,32.759998,33.360001,31.363604,5574600
2016-01-15,32.599998,32.619999,31.160000,31.510000,29.624317,8763700
2016-01-19,31.940001,32.049999,30.290001,30.510000,28.684160,8756900
2016-01-20,30.250000,31.709999,29.860001,31.290001,29.417480,9252500
2016-01-21,31.260000,32.480000,31.200001,31.920000,30.009779,6085300
2016-01-22,32.520000,33.369999,32.490002,33.230000,31.241385,5279600
2016-01-25,32.900002,33.000000,32.360001,32.430000,30.489256,5783000
2016-01-26,32.880001,33.650002,32.490002,33.630001,31.617447,4390800
2016-01-27,33.500000,34.459999,33.419998,33.740002,31.720865,5023500
2016-01-28,34.160000,34.950001,33.980000,34.700001,32.623413,5351200
2016-01-29,34.860001,35.549999,34.750000,35.349998,33.234512,8608200
2016-02-01,34.770000,35.639999,34.310001,35.459999,33.337933,6364700
2016-02-02,33.520000,33.599998,32.279999,32.360001,30.423449,11075700
2016-02-03,32.560001,33.799999,32.470001,33.439999,31.438812,8002400
2016-02-04,33.439999,34.689999,33.340000,34.250000,32.200348,6572200
2016-02-05,34.279999,34.509998,33.919998,34.070000,32.031116,5416700
2016-02-08,34.400002,34.730000,33.049999,33.299999,31.307194,5061300
2016-02-09,33.439999,33.680000,32.560001,33.580002,31.570444,5927200
2016-02-10,33.610001,34.070000,33.150002,33.180000,31.194378,4300700
2016-02-11,32.270000,32.830002,31.500000,31.629999,30.008459,6931800
2016-02-12,31.690001,32.480000,31.299999,32.450001,30.786423,4441500
2016-02-16,32.959999,33.820000,32.849998,33.619999,31.896435,4068600
2016-02-17,33.740002,34.119999,33.299999,33.400002,31.687719,3362300
2016-02-18,33.400002,33.990002,33.240002,33.900002,32.162090,3732500
2016-02-19,33.660000,33.779999,32.310001,32.650002,30.976171,5502300
2016-02-22,32.889999,33.900002,32.799999,33.790001,32.057724,4324400
2016-02-23,33.770000,34.419998,33.369999,33.790001,32.057724,3444300
2016-02-24,33.549999,33.910000,33.080002,33.849998,32.114643,3769600
2016-02-25,34.040001,34.740002,33.750000,34.619999,32.845173,3501600
2016-02-26,34.720001,35.099998,34.500000,34.790001,33.006458,3803200
2016-02-29,34.790001,35.410000,34.549999,34.959999,33.167740,5092100
2016-03-01,35.130001,35.619999,34.560001,35.480000,33.661091,4412900
2016-03-02,35.279999,35.910000,35.189999,35.830002,33.993145,3392300
2016-03-03,36.169998,36.860001,35.740002,36.830002,34.941883,4052100
2016-03-04,36.900002,37.990002,36.900002,37.650002,35.719833,5268800
2016-03-07,37.169998,37.290001,36.849998,37.139999,35.235985,3599700
2016-03-08,37.029999,37.270000,35.570000,36.029999,34.182896,4266900
2016-03-09,36.279999,36.439999,35.799999,36.060001,34.211353,3015700
2016-03-10,36.110001,36.349998,35.360001,35.770000,33.936214,3242300
2016-03-11,36.169998,36.630001,36.099998,36.599998,34.723663,2634400
2016-03-14,36.400002,36.889999,36.200001,36.709999,34.828030,3183800
2016-03-15,36.299999,36.669998,36.139999,36.560001,34.685719,2917500
2016-03-16,36.380001,37.590000,36.380001,37.459999,35.539577,3620100
2016-03-17,37.509998,38.759998,37.509998,38.200001,36.241646,4384800
2016-03-18,38.330002,38.959999,37.910000,38.070000,36.118305,6360700
2016-03-21,37.849998,38.279999,37.720001,38.169998,36.213181,3302000
2016-03-22,37.900002,37.950001,37.549999,37.610001,35.681892,2265200
2016-03-23,37.480000,37.590000,36.549999,36.599998,34.723663,4072900
2016-03-24,36.299999,36.730000,35.830002,36.470001,34.600338,3465900
2016-03-28,36.599998,36.709999,36.240002,36.349998,34.486485,2637300
2016-03-29,36.439999,36.980000,36.220001,36.869999,34.979828,2651600
2016-03-30,37.009998,37.200001,36.259998,36.619999,34.742641,2871900
2016-03-31,36.689999,36.750000,35.980000,36.310001,34.448536,3771000
2016-04-01,36.049999,36.509998,35.380001,36.470001,34.600338,3167100
2016-04-04,36.330002,36.529999,35.950001,36.040001,34.192375,2650500
2016-04-05,35.570000,35.570000,34.549999,35.110001,33.310055,5541000
2016-04-06,35.090000,35.549999,34.790001,35.540001,33.718010,3236500
2016-04-07,35.349998,36.220001,35.290001,35.720001,33.888786,3302700
2016-04-08,36.119999,36.540001,35.950001,36.090000,34.239815,2319000
2016-04-11,36.119999,36.650002,35.970001,36.000000,34.154423,2505600
2016-04-12,36.040001,36.900002,36.029999,36.830002,34.941883,2190800
2016-04-13,37.060001,37.299999,36.980000,37.139999,35.235985,2756500
2016-04-14,37.020000,37.110001,36.349998,36.590000,34.714180,2804900
2016-04-15,36.639999,37.330002,36.520000,37.299999,35.387779,3092200
2016-04-18,37.099998,37.820000,36.880001,37.709999,35.776764,3523500
2016-04-19,37.980000,38.580002,37.840000,38.230000,36.270107,3142500
2016-04-20,38.250000,38.990002,38.070000,38.869999,36.877285,4224900
2016-04-21,39.000000,39.160000,38.200001,38.349998,36.383953,3701200
2016-04-22,38.790001,39.630001,38.639999,39.619999,37.588844,4194400
2016-04-25,39.369999,39.459999,38.910000,39.259998,37.247299,3022900
2016-04-26,39.500000,40.000000,39.189999,39.730000,37.693203,4037600
2016-04-27,39.740002,40.090000,39.419998,39.910000,37.863976,3090500
2016-04-28,39.860001,40.619999,39.720001,40.070000,38.015774,4531700
2016-04-29,39.869999,40.110001,39.490002,39.939999,37.892437,4854100
2016-05-02,39.590000,40.549999,39.549999,40.259998,38.196030,5965200
2016-05-03,39.950001,40.650002,39.029999,39.099998,37.095505,5170800
2016-05-04,39.009998,39.369999,38.560001,38.720001,36.734985,4318300
2016-05-05,38.869999,39.230000,37.959999,38.080002,36.127796,3934400
2016-05-06,38.049999,38.360001,37.869999,38.200001,36.241646,2528600
2016-05-09,38.230000,38.389999,37.360001,37.730000,35.795738,4166600
2016-05-10,37.950001,38.430000,37.950001,38.400002,36.431393,2832600
2016-05-11,38.270000,38.480000,37.900002,37.959999,36.013943,2921000
2016-05-12,38.250000,38.790001,38.040001,38.540001,36.564213,3288500
2016-05-13,38.410000,38.430000,37.450001,37.630001,35.700871,3219600
2016-05-16,37.279999,37.900002,37.180000,37.650002,36.006901,2145700
2016-05-17,37.439999,37.889999,37.360001,37.490002,35.853882,2708400
2016-05-18,37.200001,37.820000,37.080002,37.509998,35.873009,3019500
2016-05-19,37.299999,38.380001,37.000000,38.369999,36.695480,4223300
2016-05-20,38.590000,40.130001,38.540001,39.830002,38.091759,6354200
2016-05-23,39.730000,40.750000,39.630001,40.439999,38.675137,4685200
2016-05-24,41.230000,42.139999,41.000000,42.049999,40.214874,6777600
2016-05-25,42.290001,42.730000,42.130001,42.480000,40.626106,4010700
2016-05-26,42.970001,43.540001,42.660000,43.070000,41.190369,3538700
2016-05-27,43.299999,43.540001,42.820000,43.230000,41.343376,3206500
2016-05-31,43.330002,43.540001,42.669998,42.770000,40.903454,4692700
2016-06-01,42.770000,42.950001,42.380001,42.830002,40.960835,6466600
2016-06-02,42.770000,43.730000,42.610001,43.470001,41.572910,4644400
2016-06-03,43.430000,43.869999,43.369999,43.599998,41.697231,4518400
2016-06-06,43.840000,44.139999,43.580002,43.669998,41.764175,2994800
2016-06-07,43.790001,43.880001,43.500000,43.660000,41.754612,2508800
2016-06-08,43.860001,44.099998,43.599998,43.820000,41.907631,3194700
2016-06-09,43.630001,43.950001,43.230000,43.830002,41.917194,3901700
2016-06-10,43.439999,43.560001,42.740002,43.029999,41.152107,3327400
2016-06-13,42.730000,42.959999,41.779999,41.820000,39.994911,4423700
2016-06-14,41.709999,42.150002,41.360001,41.779999,39.956661,2708100
2016-06-15,41.830002,42.520000,41.790001,42.150002,40.310513,3160400
2016-06-16,41.880001,42.139999,41.560001,42.049999,40.214874,2618000
2016-06-17,41.869999,42.709999,41.869999,42.310001,40.463528,4035600
2016-06-20,42.830002,42.959999,42.439999,42.450001,40.597420,2998500
2016-06-21,42.599998,42.639999,41.790001,41.939999,40.109676,4071200
2016-06-22,42.029999,42.349998,41.950001,42.000000,40.167061,2894200
2016-06-23,42.430000,42.759998,42.430000,42.709999,40.846069,1955700
2016-06-24,41.200001,41.639999,40.400002,40.500000,38.732521,5486000
2016-06-27,40.090000,40.189999,39.009998,39.139999,37.431877,5056300
2016-06-28,39.740002,40.570000,39.599998,40.560001,38.789902,4241300
2016-06-29,41.020000,41.730000,41.000000,41.580002,39.765385,3921200
2016-06-30,41.700001,42.900002,41.639999,42.889999,41.018215,4139200
2016-07-01,42.990002,43.029999,42.349998,42.610001,40.750435,2998100
2016-07-05,42.330002,42.380001,41.570000,41.950001,40.119240,4844100
2016-07-06,41.669998,42.230000,41.209999,42.119999,40.281822,5464700
2016-07-07,42.250000,42.849998,41.900002,42.119999,40.281822,2593500
2016-07-08,42.509998,43.509998,42.509998,43.480000,41.582466,3348200
2016-07-11,43.540001,43.730000,43.139999,43.160000,41.276432,2358600
2016-07-12,43.230000,43.570000,42.759998,43.290001,41.400761,2698000
2016-07-13,43.250000,43.410000,42.849998,43.099998,41.219051,2697600
2016-07-14,43.349998,43.599998,43.139999,43.480000,41.582466,2840200
2016-07-15,43.549999,44.000000,43.400002,43.950001,42.031960,2898700
2016-07-18,44.000000,44.310001,43.919998,44.250000,42.318863,2386600
2016-07-19,44.000000,44.080002,43.330002,43.480000,41.582466,2751900
2016-07-20,43.330002,43.570000,43.000000,43.389999,41.496395,2704600
2016-07-21,43.349998,43.869999,43.200001,43.389999,41.496395,2352000
2016-07-22,43.400002,43.799999,43.259998,43.720001,41.812000,1900000
2016-07-25,43.610001,43.790001,43.500000,43.599998,41.697231,1716400
2016-07-26,43.639999,44.119999,43.630001,43.869999,41.955452,2139100
2016-07-27,43.869999,44.169998,43.560001,43.900002,41.984138,2367600
2016-07-28,44.020000,45.000000,43.799999,44.939999,42.978752,4282600
2016-07-29,44.740002,45.389999,44.740002,45.080002,43.112648,4834200
2016-08-01,44.580002,44.740002,43.700001,44.240002,42.309307,4548600
2016-08-02,43.049999,44.610001,42.880001,43.450001,41.553776,4718100
2016-08-03,43.450001,43.930000,42.910000,43.930000,42.012833,3182000
2016-08-04,44.369999,44.490002,43.419998,43.740002,41.831123,2837200
2016-08-05,43.820000,44.599998,43.709999,44.450001,42.510139,2839500
2016-08-08,44.570000,45.049999,44.430000,44.520000,42.577084,2234400
2016-08-09,44.639999,44.730000,44.230000,44.380001,42.443195,2076800
2016-08-10,44.480000,44.820000,44.160000,44.310001,42.376247,1742000
2016-08-11,44.400002,44.430000,43.740002,43.930000,42.012833,2273800
2016-08-12,43.849998,44.200001,43.540001,44.070000,42.146721,2177300
2016-08-15,43.560001,44.130001,43.490002,43.770000,42.146721,1847500
2016-08-16,43.549999,43.759998,43.410000,43.470001,41.857841,1623600
2016-08-17,43.470001,43.700001,43.160000,43.630001,42.011917,2183100
2016-08-18,43.689999,43.959999,43.509998,43.570000,41.954132,2052800
2016-08-19,43.400002,43.639999,43.169998,43.480000,41.867477,2120400
2016-08-22,43.439999,43.830002,43.290001,43.799999,42.175602,1952300
2016-08-23,43.990002,44.430000,43.900002,44.119999,42.483734,2032700
2016-08-24,44.029999,44.029999,43.189999,43.320000,41.713406,1899100
2016-08-25,43.220001,43.220001,42.500000,42.560001,40.981594,2872300
2016-08-26,42.840000,43.000000,42.189999,42.389999,40.817898,1977200
2016-08-29,42.610001,43.009998,42.279999,42.840000,41.251209,1722200
2016-08-30,42.840000,43.389999,42.840000,43.209999,41.607483,2301700
2016-08-31,43.240002,43.810001,43.029999,43.759998,42.137089,3211600
2016-09-01,43.680000,43.759998,42.919998,43.139999,41.540077,2274900
2016-09-02,43.369999,43.830002,43.369999,43.820000,42.194866,2011200
2016-09-06,43.849998,44.000000,43.490002,43.939999,42.310410,1671400
2016-09-07,43.759998,44.040001,43.660000,44.020000,42.387444,2048200
2016-09-08,43.869999,43.889999,43.169998,43.240002,41.636379,2816100
2016-09-09,42.820000,42.950001,42.020000,42.020000,40.461620,3088300
2016-09-12,41.910000,43.070000,41.540001,42.959999,41.366760,2619100
2016-09-13,42.660000,42.740002,41.900002,42.000000,40.442360,2693600
2016-09-14,42.049999,42.500000,41.770000,41.980000,40.423100,2682100
2016-09-15,41.939999,42.369999,41.750000,42.279999,40.711975,2250600
2016-09-16,41.990002,42.070000,41.730000,42.029999,40.471249,3105500
2016-09-19,42.250000,42.500000,42.119999,42.180000,40.615685,1604700
2016-09-20,42.389999,42.389999,41.939999,42.150002,40.586800,2380900
2016-09-21,42.320000,43.009998,42.320000,42.810001,41.222324,3071500
2016-09-22,43.080002,43.320000,42.770000,42.980000,41.386017,3094900
2016-09-23,42.759998,42.930000,42.470001,42.470001,40.894936,1876100
2016-09-26,42.279999,42.310001,41.869999,41.900002,40.346073,1540400
2016-09-27,41.650002,41.900002,41.360001,41.889999,40.336441,2363700
2016-09-28,41.889999,42.110001,41.430000,41.849998,40.297920,2651800
2016-09-29,41.810001,42.160000,41.380001,41.529999,39.989792,2146200
2016-09-30,41.700001,42.389999,41.590000,42.169998,40.606056,2848500
2016-10-03,41.980000,42.970001,41.950001,42.900002,41.308990,3024600
2016-10-04,42.799999,43.520000,42.700001,42.790001,41.203068,3343600
2016-10-05,42.790001,43.459999,42.660000,43.270000,41.665260,2629700
2016-10-06,43.070000,43.459999,43.029999,43.160000,41.559341,2433800
2016-10-07,43.200001,43.259998,42.490002,42.650002,41.068256,1781900
2016-10-10,42.910000,43.320000,42.860001,43.270000,41.665260,1885800
2016-10-11,43.169998,43.279999,42.070000,42.340000,40.769756,2316600
2016-10-12,42.320000,42.650002,42.099998,42.389999,40.817898,1823800
2016-10-13,41.959999,42.529999,41.630001,42.250000,40.683090,2155600
2016-10-14,42.419998,42.849998,42.130001,42.130001,40.567543,1790000
2016-10-17,42.130001,42.299999,41.790001,41.849998,40.297920,2054700
2016-10-18,42.240002,42.380001,41.970001,41.980000,40.423100,2135300
2016-10-19,41.959999,42.270000,41.490002,42.220001,40.654202,1797600
2016-10-20,42.119999,42.509998,41.990002,42.180000,40.615685,2044800
2016-10-21,41.919998,42.430000,41.610001,42.320000,40.750496,1720900
2016-10-24,42.599998,42.970001,42.369999,42.509998,40.933449,1324300
2016-10-25,42.619999,42.830002,42.380001,42.529999,40.952709,1878800
2016-10-26,42.419998,43.450001,42.310001,43.279999,41.674885,2856300
2016-10-27,43.369999,43.419998,42.759998,43.080002,41.482311,2156700
2016-10-28,43.169998,43.959999,43.099998,43.590000,41.973392,2628600
2016-10-31,43.700001,44.200001,43.509998,43.570000,41.954132,3867300
2016-11-01,45.369999,47.340000,45.360001,46.750000,45.016205,9705600
2016-11-02,46.750000,47.880001,46.660000,47.259998,45.507286,6221000
2016-11-03,47.049999,47.869999,47.049999,47.430000,45.670979,4376500
2016-11-04,47.380001,47.549999,46.889999,46.919998,45.179893,2804100
2016-11-07,47.459999,47.590000,46.930000,47.049999,45.305077,3425900
2016-11-08,46.950001,47.880001,46.930000,47.720001,45.950226,3129600
2016-11-09,46.840000,46.919998,45.070000,46.279999,44.563629,5372600
2016-11-10,46.419998,46.570000,45.049999,45.180000,43.504429,3959800
2016-11-11,43.570000,43.790001,41.599998,41.730000,40.182377,7004500
2016-11-14,41.580002,42.970001,41.439999,42.880001,41.588715,5135700
2016-11-15,42.860001,43.520000,42.849998,43.490002,42.180344,4292800
2016-11-16,43.680000,43.680000,42.759998,43.259998,41.957268,3429300
2016-11-17,43.279999,43.349998,42.759998,43.000000,41.705101,3595400
2016-11-18,42.919998,43.610001,42.919998,43.490002,42.180344,3289900
2016-11-21,43.490002,43.970001,43.380001,43.650002,42.335522,2727700
2016-11-22,43.860001,43.919998,43.209999,43.509998,42.199738,2733600
2016-11-23,43.570000,43.639999,42.919998,43.250000,41.947571,4134100
2016-11-25,43.470001,43.570000,43.240002,43.549999,42.238533,1776700
2016-11-28,43.509998,43.689999,42.990002,43.110001,41.811783,2867300
2016-11-29,43.230000,43.250000,42.610001,42.770000,41.482021,3203900
2016-11-30,42.860001,43.470001,42.849998,43.230000,41.928173,3529300
2016-12-01,43.150002,44.400002,43.150002,44.310001,42.975647,3983900
2016-12-02,44.419998,44.750000,43.919998,44.000000,42.674980,3290000
2016-12-05,44.119999,44.349998,43.500000,43.900002,42.577999,2925500
2016-12-06,44.000000,45.000000,43.990002,44.680000,43.334507,3397800
2016-12-07,44.660000,45.259998,44.540001,45.200001,43.838852,4164300
2016-12-08,45.040001,46.049999,44.980000,45.970001,44.585663,3303400
2016-12-09,45.930000,46.560001,45.529999,46.560001,45.157890,2997100
2016-12-12,46.619999,47.150002,46.560001,47.020000,45.604038,2925700
2016-12-13,46.750000,47.270000,46.330002,46.400002,45.002708,4033800
2016-12-14,46.400002,46.570000,45.349998,45.590000,44.217102,3510700
2016-12-15,45.389999,46.070000,45.139999,45.740002,44.362591,2699400
2016-12-16,45.730000,46.529999,45.630001,46.509998,45.109398,5590200
2016-12-19,46.490002,46.680000,45.810001,46.070000,44.682644,3189800
2016-12-20,46.380001,46.380001,45.680000,46.220001,44.828129,3231100
2016-12-21,46.259998,46.480000,46.000000,46.130001,44.740841,3219800
2016-12-22,46.139999,46.209999,44.990002,45.180000,43.819447,3196800
2016-12-23,45.200001,45.490002,45.020000,45.150002,43.790356,2220400
2016-12-27,45.220001,45.720001,45.169998,45.650002,44.275295,1558100
2016-12-28,45.669998,45.779999,45.250000,45.340000,43.974628,1787500
2016-12-29,45.270000,45.720001,45.250000,45.360001,43.994030,1947600
2016-12-30,45.419998,45.689999,45.029999,45.650002,44.275295,2522300
2017-01-03,45.689999,46.250000,45.549999,46.189999,44.799030,3614900
2017-01-04,46.380001,46.540001,45.439999,46.110001,44.721443,3473300
2017-01-05,46.099998,46.400002,45.709999,45.770000,44.391682,3364100
2017-01-06,45.020000,45.020000,43.840000,44.720001,43.373299,4396300
2017-01-09,44.509998,45.310001,44.400002,44.750000,43.402393,3537900
2017-01-10,44.799999,45.410000,44.400002,44.459999,43.121128,3637000
2017-01-11,43.750000,44.259998,43.150002,44.009998,42.684681,5322000
2017-01-12,44.040001,44.209999,43.340000,43.439999,42.131847,3625700
2017-01-13,43.549999,43.779999,43.330002,43.560001,42.248234,2164800
2017-01-17,43.779999,44.740002,43.580002,44.689999,43.344204,4409900
2017-01-18,44.740002,45.220001,44.700001,44.950001,43.596375,2989300
2017-01-19,44.959999,45.029999,44.270000,44.500000,43.159927,2834900
2017-01-20,44.669998,45.209999,44.259998,44.730000,43.383003,2395300
2017-01-23,44.619999,44.730000,44.130001,44.709999,43.363602,1973300
2017-01-24,44.759998,45.459999,44.599998,44.660000,43.315109,3245100
2017-01-25,44.900002,45.450001,44.869999,45.200001,43.838852,3367800
2017-01-26,45.049999,45.340000,44.490002,44.549999,43.208420,2577600
2017-01-27,44.560001,44.900002,44.279999,44.520000,43.179325,2054700
2017-01-30,44.509998,44.590000,43.689999,44.130001,42.801067,2572700
2017-01-31,44.180000,44.330002,43.320000,44.259998,42.927155,5041100
2017-02-01,44.480000,44.549999,43.590000,43.770000,42.451908,2486200
2017-02-02,43.869999,44.130001,43.490002,43.990002,42.665287,3624000
2017-02-03,44.180000,44.389999,43.910000,43.990002,42.665287,3292400
2017-02-06,44.090000,44.349998,43.799999,44.020000,42.694382,3890600
2017-02-07,42.959999,45.049999,41.740002,44.590000,43.247211,7474400
2017-02-08,44.709999,44.759998,43.189999,43.459999,42.151245,4308200
2017-02-09,43.459999,43.980000,43.430000,43.540001,42.228840,3120600
2017-02-10,43.669998,43.889999,43.470001,43.830002,42.510105,2355700
2017-02-13,43.900002,44.049999,43.080002,43.709999,42.393715,2979000
2017-02-14,43.740002,43.869999,43.270000,43.730000,42.413116,2734200
2017-02-15,43.849998,44.580002,43.720001,44.470001,43.130836,4061000
2017-02-16,44.259998,44.549999,43.900002,44.099998,43.081982,4259700
2017-02-17,44.070000,44.689999,43.980000,44.689999,43.658363,2809700
2017-02-21,44.549999,45.200001,44.509998,44.810001,43.775597,5068500
2017-02-22,44.590000,44.919998,44.430000,44.720001,43.687675,3271500
2017-02-23,44.799999,45.270000,44.490002,45.090000,44.049129,3290900
2017-02-24,44.840000,45.259998,44.740002,45.259998,44.215206,2371300
2017-02-27,45.130001,45.430000,44.720001,45.369999,44.322670,3026900
2017-02-28,45.500000,47.419998,45.400002,46.970001,45.885738,8689600
2017-03-01,47.250000,47.439999,46.500000,46.509998,45.436356,4033500
2017-03-02,46.540001,46.580002,45.430000,45.480000,44.430130,3393100
2017-03-03,45.529999,45.720001,45.040001,45.200001,44.156593,3026900
2017-03-06,45.080002,45.139999,44.639999,44.759998,43.726746,2469500
2017-03-07,44.750000,44.970001,44.459999,44.459999,43.433674,2362900
2017-03-08,44.470001,44.950001,43.860001,43.990002,42.974525,3155800
2017-03-09,44.099998,44.509998,44.099998,44.419998,43.394596,2822600
2017-03-10,44.630001,45.119999,44.610001,45.040001,44.000290,2217300
2017-03-13,45.000000,45.130001,44.590000,44.700001,43.668137,2273300
2017-03-14,44.700001,44.860001,44.410000,44.669998,43.638824,1946200
2017-03-15,44.709999,45.330002,44.509998,45.009998,43.970978,2840000
2017-03-16,45.070000,45.139999,44.389999,44.849998,43.814671,3185700
2017-03-17,44.910000,45.099998,44.689999,44.720001,43.687675,4200300
2017-03-20,44.599998,44.980000,44.009998,44.849998,43.814671,3897400
2017-03-21,44.919998,45.240002,44.669998,44.950001,43.912365,3493100
2017-03-22,44.919998,45.650002,44.919998,45.610001,44.557129,2621900
2017-03-23,45.610001,46.029999,45.400002,45.610001,44.557129,1972200
2017-03-24,45.610001,45.900002,45.419998,45.580002,44.527824,1546800
2017-03-27,45.430000,45.680000,45.099998,45.349998,44.303131,1792400
2017-03-28,45.320000,45.950001,45.240002,45.720001,44.664589,2135600
2017-03-29,45.599998,46.389999,45.590000,46.240002,45.172585,2477800
2017-03-30,46.320000,46.330002,45.950001,46.110001,45.045586,2018900
2017-03-31,45.880001,46.310001,45.880001,46.040001,44.977200,2236100
2017-04-03,46.200001,46.259998,45.540001,45.799999,44.742744,2300300
2017-04-04,45.669998,45.810001,45.220001,45.410000,44.361744,2827000
2017-04-05,45.419998,45.830002,45.099998,45.259998,44.215206,2825600
2017-04-06,45.169998,45.459999,44.919998,45.250000,44.205441,2285000
2017-04-07,45.290001,45.389999,44.880001,44.889999,43.853745,1418500
2017-04-10,44.910000,45.200001,44.720001,44.990002,43.951443,1638400
2017-04-11,44.930000,44.930000,44.439999,44.540001,43.511829,2137200
2017-04-12,44.639999,44.900002,44.320000,44.650002,43.619289,2718400
2017-04-13,44.549999,44.580002,44.180000,44.279999,43.257832,2212800
2017-04-17,44.290001,44.750000,44.290001,44.680000,43.648594,2944000
2017-04-18,44.700001,45.830002,44.549999,45.410000,44.361744,3757800
2017-04-19,45.330002,45.480000,44.509998,44.599998,43.570442,2896800
2017-04-20,44.709999,45.080002,44.529999,44.900002,43.863522,2539300
2017-04-21,45.040001,45.299999,44.720001,44.810001,43.775597,2081100
2017-04-24,45.270000,45.599998,45.180000,45.380001,44.332439,2661400
2017-04-25,45.450001,45.880001,45.380001,45.580002,44.527824,1844100
2017-04-26,45.660000,45.689999,45.250000,45.270000,44.224976,1549100
2017-04-27,45.139999,45.860001,45.090000,45.779999,44.723202,1803800
2017-04-28,45.630001,45.810001,45.480000,45.750000,44.693897,2145700
2017-05-01,45.880001,45.910000,45.419998,45.730000,44.674355,2582700
2017-05-02,43.000000,43.990002,41.520000,41.669998,40.708076,8265700
2017-05-03,41.720001,41.860001,41.099998,41.310001,40.356392,6239600
2017-05-04,41.369999,42.849998,41.290001,42.400002,41.421230,4432500
2017-05-05,42.669998,42.840000,42.169998,42.430000,41.450535,3244200
2017-05-08,42.500000,43.099998,42.299999,42.959999,41.968296,3907100
2017-05-09,42.750000,42.820000,42.240002,42.360001,41.382153,2966300
2017-05-10,42.369999,42.470001,42.009998,42.290001,41.313766,2489600
2017-05-11,42.299999,42.330002,41.910000,42.029999,41.059769,2181100
2017-05-12,42.130001,42.230000,41.860001,41.959999,40.991386,1557200
2017-05-15,42.029999,42.220001,41.810001,42.139999,41.167233,3052000
2017-05-16,41.959999,42.299999,41.660000,41.900002,41.245983,2251300
2017-05-17,41.900002,42.090000,41.480000,41.520000,40.871914,2470500
2017-05-18,41.450001,41.669998,41.110001,41.310001,40.665195,2394600
2017-05-19,41.369999,41.689999,41.369999,41.500000,40.852226,3678200
2017-05-22,41.549999,41.759998,41.389999,41.500000,40.852226,3082800
2017-05-23,41.549999,43.480000,41.310001,43.040001,42.368187,6886500
2017-05-24,42.480000,42.880001,42.169998,42.549999,41.885838,3686500
2017-05-25,42.540001,42.910000,42.389999,42.619999,41.954742,2037800
2017-05-26,42.560001,42.840000,42.180000,42.450001,41.787399,1888400
2017-05-30,42.220001,42.270000,42.000000,42.110001,41.452705,1834100
2017-05-31,42.290001,42.290001,41.570000,41.580002,40.930981,3390500
2017-06-01,41.049999,41.830002,40.799999,41.820000,41.167233,3497100
2017-06-02,41.950001,42.340000,41.689999,42.220001,41.560989,2568500
2017-06-05,42.110001,42.150002,41.599998,41.939999,41.285358,3422100
2017-06-06,41.869999,42.139999,41.560001,41.950001,41.295204,2485100
2017-06-07,42.040001,42.189999,41.520000,41.910000,41.255829,2787100
2017-06-08,41.910000,42.189999,41.709999,42.009998,41.354263,2316900
2017-06-09,41.810001,42.130001,41.650002,42.020000,41.364109,2306700
2017-06-12,42.070000,42.680000,41.959999,42.430000,41.767712,3481400
2017-06-13,42.430000,42.599998,42.119999,42.360001,41.698803,1930400
2017-06-14,42.430000,42.450001,41.900002,42.049999,41.393642,2410700
2017-06-15,41.980000,42.779999,41.889999,42.360001,41.698803,3278500
2017-06-16,42.259998,42.610001,41.889999,42.560001,41.895683,5352900
2017-06-19,42.400002,42.660000,41.880001,42.439999,41.777554,2857100
2017-06-20,42.389999,42.439999,41.369999,41.480000,40.832539,2756900
2017-06-21,41.410000,41.730000,41.230000,41.250000,40.606129,2560400
2017-06-22,41.250000,41.459999,41.009998,41.029999,40.389561,2543900
2017-06-23,41.080002,41.410000,40.919998,41.160000,40.517536,3692900
2017-06-26,41.270000,41.470001,41.060001,41.299999,40.655350,1856900
2017-06-27,41.360001,41.500000,41.000000,41.000000,40.360027,1884700
2017-06-28,41.250000,41.320000,40.970001,41.139999,40.497845,2230200
2017-06-29,41.139999,41.139999,40.400002,40.630001,39.995804,3514700
2017-06-30,40.880001,41.560001,40.820000,41.380001,40.734100,3158500
2017-07-03,41.480000,41.689999,41.330002,41.459999,40.812851,1438600
2017-07-05,41.349998,42.130001,41.270000,41.799999,41.147545,3301800
2017-07-06,41.700001,41.810001,41.099998,41.099998,40.458466,2725000
2017-07-07,41.259998,41.369999,41.040001,41.240002,40.596287,2365900
2017-07-10,41.240002,41.610001,40.779999,40.810001,40.172997,3020500
2017-07-11,40.680000,40.740002,40.220001,40.290001,39.661114,3443600
2017-07-12,40.490002,41.009998,40.490002,40.900002,40.261593,2771200
2017-07-13,41.070000,41.560001,40.900002,41.380001,40.734100,2318700
2017-07-14,41.490002,41.720001,41.419998,41.480000,40.832539,1541600
2017-07-17,41.459999,41.700001,41.000000,41.599998,40.950665,1819600
2017-07-18,41.459999,41.529999,41.090000,41.180000,40.537224,1947900
2017-07-19,41.250000,41.669998,41.119999,41.279999,40.635662,3574500
2017-07-20,41.259998,41.700001,40.910000,41.419998,40.773476,2521300
2017-07-21,41.380001,41.560001,41.029999,41.259998,40.615971,2717000
2017-07-24,41.270000,41.660000,41.180000,41.380001,40.734100,3581100
2017-07-25,41.549999,42.080002,41.450001,41.959999,41.305046,3078700
2017-07-26,42.060001,42.099998,41.610001,41.709999,41.058949,2376600
2017-07-27,41.700001,41.840000,41.259998,41.779999,41.127857,2978100
2017-07-28,41.750000,41.919998,41.419998,41.779999,41.127857,3125500
2017-07-31,41.930000,42.680000,41.799999,42.180000,41.521614,9333600
2017-08-01,42.980000,43.689999,42.299999,43.299999,42.624126,6339200
2017-08-02,43.099998,43.320000,42.380001,42.490002,41.826775,4236300
2017-08-03,42.570000,43.200001,42.270000,42.619999,41.954742,3389200
2017-08-04,42.639999,42.689999,42.270000,42.590000,41.925213,2595100
2017-08-07,42.650002,42.860001,42.360001,42.439999,41.777554,3246200
2017-08-08,42.439999,42.650002,42.099998,42.240002,41.580677,3065200
2017-08-09,42.290001,42.540001,42.130001,42.490002,41.826775,2316600
2017-08-10,42.340000,42.490002,42.099998,42.119999,41.462547,3733700
2017-08-11,41.779999,41.779999,41.139999,41.259998,40.615971,3784100
2017-08-14,41.380001,42.209999,41.380001,41.950001,41.295204,2957000
2017-08-15,41.680000,42.160000,41.410000,42.049999,41.711823,4097900
2017-08-16,42.209999,42.570000,41.970001,42.150002,41.811024,2589900
2017-08-17,42.070000,42.330002,41.590000,41.669998,41.334881,2412400
2017-08-18,41.660000,41.660000,41.259998,41.270000,40.938099,2283200
2017-08-21,41.279999,41.810001,41.270000,41.560001,41.225765,2617100
2017-08-22,41.540001,41.930000,41.540001,41.720001,41.384480,2857200
2017-08-23,41.630001,41.930000,41.490002,41.770000,41.434078,1865800
2017-08-24,41.750000,41.880001,41.060001,41.080002,40.749626,2746100
2017-08-25,41.380001,41.900002,41.360001,41.750000,41.414238,2216600
2017-08-28,41.750000,42.070000,41.630001,41.770000,41.434078,2466800
2017-08-29,41.790001,41.919998,41.560001,41.740002,41.404320,2379300
2017-08-30,41.660000,42.040001,41.619999,41.860001,41.523354,2160300
2017-08-31,41.709999,41.709999,41.110001,41.320000,40.987694,4198500
2017-09-01,41.369999,42.290001,41.320000,42.200001,41.860619,3007000
2017-09-05,42.290001,42.290001,41.709999,41.939999,41.602707,3014400
2017-09-06,42.000000,42.470001,41.770000,42.400002,42.059013,3675100
2017-09-07,42.470001,42.660000,42.080002,42.590000,42.247482,3525300
2017-09-08,42.520000,42.650002,42.340000,42.369999,42.029251,2387300
2017-09-11,42.610001,42.990002,42.509998,42.790001,42.445873,2208200
2017-09-12,43.000000,43.279999,42.650002,43.209999,42.862495,3019500
2017-09-13,43.200001,43.560001,42.970001,43.290001,42.941853,2242300
2017-09-14,43.259998,43.650002,43.200001,43.450001,43.100567,2917500
2017-09-15,43.270000,43.840000,43.250000,43.840000,43.487431,5604300
2017-09-18,43.849998,44.259998,43.650002,44.090000,43.735420,3219200
2017-09-19,44.110001,44.110001,43.439999,43.889999,43.537025,2759200
2017-09-20,43.880001,43.910000,43.200001,43.320000,42.971611,2805700
2017-09-21,43.330002,43.599998,43.259998,43.290001,42.941853,2301300
2017-09-22,43.340000,43.689999,43.320000,43.380001,43.031128,1576700
2017-09-25,43.470001,43.700001,43.279999,43.570000,43.219601,2051000
2017-09-26,43.619999,43.630001,43.410000,43.520000,43.170002,2222300
2017-09-27,43.509998,43.650002,42.740002,43.049999,42.703781,3266900
2017-09-28,42.360001,43.070000,42.360001,42.750000,42.406197,3006800
2017-09-29,42.540001,42.759998,42.310001,42.509998,42.168125,2359000
2017-10-02,42.520000,42.799999,42.340000,42.619999,42.277241,2410500
2017-10-03,42.669998,42.840000,42.570000,42.720001,42.376438,2271400
2017-10-04,42.770000,43.160000,42.700001,43.029999,42.683941,2202900
2017-10-05,43.070000,43.549999,43.029999,43.349998,43.001369,2165100
2017-10-06,43.240002,43.270000,42.889999,43.000000,42.654186,2184200
2017-10-09,42.930000,43.040001,42.560001,42.610001,42.267323,2063500
2017-10-10,42.720001,43.040001,42.639999,43.009998,42.664104,2198100
2017-10-11,42.959999,43.299999,42.950001,43.290001,42.941853,1379700
2017-10-12,43.230000,43.540001,43.230000,43.439999,43.090645,1771900
2017-10-13,43.759998,44.419998,43.650002,44.000000,43.646141,3327400
2017-10-16,43.970001,44.040001,43.529999,43.700001,43.348557,2606500
2017-10-17,43.619999,43.790001,43.400002,43.669998,43.318794,1272000
2017-10-18,43.669998,43.849998,43.290001,43.310001,42.961693,1995500
2017-10-19,43.169998,43.320000,42.880001,43.310001,42.961693,2126100
2017-10-20,43.430000,43.500000,43.259998,43.490002,43.140247,2023300
2017-10-23,43.500000,43.669998,43.380001,43.570000,43.219601,2244400
2017-10-24,43.570000,43.980000,43.540001,43.730000,43.378315,2746900
2017-10-25,43.599998,43.599998,42.900002,43.439999,43.090645,2229800
2017-10-26,43.669998,43.770000,42.980000,43.009998,42.664104,3256900
2017-10-27,43.029999,43.130001,42.580002,43.070000,42.723621,2682300
2017-10-30,42.910000,43.090000,42.599998,42.810001,42.465714,3280600
2017-10-31,40.740002,41.590000,39.950001,40.869999,40.541313,8963800
2017-11-01,40.970001,41.110001,40.080002,40.619999,40.293324,7011600
2017-11-02,40.500000,40.980000,40.090000,40.160000,39.837025,3717100
2017-11-03,40.130001,40.189999,39.650002,39.779999,39.460079,3157900
2017-11-06,39.730000,39.840000,39.099998,39.270000,38.954182,2882000
2017-11-07,39.270000,39.570000,39.220001,39.540001,39.222012,4562800
2017-11-08,39.650002,39.810001,39.540001,39.799999,39.479919,3273400
2017-11-09,39.689999,40.150002,39.509998,39.599998,39.281528,3933800
2017-11-10,39.490002,39.959999,39.450001,39.930000,39.608875,2591300
2017-11-13,39.930000,40.020000,39.700001,39.740002,39.420403,2524200
2017-11-14,39.720001,40.660000,39.700001,39.790001,39.470001,4733100
2017-11-15,39.259998,39.799999,38.590000,38.959999,38.959999,3783200
2017-11-16,38.980000,39.290001,38.650002,39.189999,39.189999,3283800
2017-11-17,39.049999,39.490002,39.049999,39.419998,39.419998,2608500
